1	1	300
1	2	400
1	3	500
1	4	300
1	5	400
1	6	500
1	7	300
1	8	400
1	9	500
1	10	600
1	11	300
1	12	400
1	13	500
1	14	300
1	15	400
1	16	500
1	17	300
1	18	400
1	19	500
1	20	600
1	21	300
1	22	400
1	23	500
1	24	300
1	25	400
1	26	500
1	27	300
1	28	400
1	29	500
1	30	600
1	31	300
1	32	400
1	33	500
1	34	300
1	35	400
1	36	500
1	37	300
1	38	400
1	39	500
1	40	600
1	41	300
1	42	400
1	43	500
1	44	300
1	45	400
1	46	500
1	47	300
1	48	400
1	49	500
1	50	600
2	1	300
2	2	600
2	3	300
2	4	600
2	5	300
2	6	600
2	7	300
2	8	600
2	9	300
2	10	600
2	11	300
2	12	600
2	13	300
2	14	600
2	15	300
2	16	600
2	17	300
2	18	600
2	19	300
2	20	600
2	21	300
2	22	600
2	23	300
2	24	600
2	25	300
2	26	600
2	27	300
2	28	600
2	29	300
2	30	600
2	31	300
2	32	600
2	33	300
2	34	600
2	35	300
2	36	600
2	37	300
2	38	600
2	39	300
2	40	600
2	41	300
2	42	600
2	43	300
2	44	600
2	45	300
2	46	600
2	47	300
2	48	600
2	49	300
2	50	600
3	1	400
3	2	300
3	3	200
3	4	400
3	5	300
3	6	200
3	7	400
3	8	300
3	9	200
3	10	400
3	11	400
3	12	300
3	13	200
3	14	400
3	15	300
3	16	200
3	17	400
3	18	300
3	19	200
3	20	400
3	21	400
3	22	300
3	23	200
3	24	400
3	25	300
3	26	200
3	27	400
3	28	300
3	29	200
3	30	400
3	31	400
3	32	300
3	33	200
3	34	400
3	35	300
3	36	200
3	37	400
3	38	300
3	39	200
3	40	400
3	41	400
3	42	300
3	43	200
3	44	400
3	45	300
3	46	200
3	47	400
3	48	300
3	49	200
3	50	400
4	1	100
4	2	200
4	3	300
4	4	400
4	5	500
4	6	100
4	7	200
4	8	300
4	9	400
4	10	500
4	11	100
4	12	200
4	13	300
4	14	400
4	15	500
4	16	100
4	17	200
4	18	300
4	19	400
4	20	500
4	21	100
4	22	200
4	23	300
4	24	400
4	25	500
4	26	100
4	27	200
4	28	300
4	29	400
4	30	500
4	31	100
4	32	200
4	33	300
4	34	400
4	35	500
4	36	100
4	37	200
4	38	300
4	39	400
4	40	500
4	41	100
4	42	200
4	43	300
4	44	400
4	45	500
4	46	100
4	47	200
4	48	300
4	49	400
4	50	500
5	1	500
5	2	400
5	3	300
5	4	500
5	5	400
5	6	300
5	7	500
5	8	400
5	9	300
5	10	200
5	11	500
5	12	400
5	13	300
5	14	500
5	15	400
5	16	300
5	17	500
5	18	400
5	19	300
5	20	200
5	21	500
5	22	400
5	23	300
5	24	500
5	25	400
5	26	300
5	27	500
5	28	400
5	29	300
5	30	200
5	31	500
5	32	400
5	33	300
5	34	500
5	35	400
5	36	300
5	37	500
5	38	400
5	39	300
5	40	200
5	41	500
5	42	400
5	43	300
5	44	500
5	45	400
5	46	300
5	47	500
5	48	400
5	49	300
5	50	200
6	1	300
6	2	400
6	3	500
6	4	300
6	5	400
6	6	500
6	7	300
6	8	400
6	9	500
6	10	600
6	11	300
6	12	400
6	13	500
6	14	300
6	15	400
6	16	500
6	17	300
6	18	400
6	19	500
6	20	600
6	21	300
6	22	400
6	23	500
6	24	300
6	25	400
6	26	500
6	27	300
6	28	400
6	29	500
6	30	600
6	31	300
6	32	400
6	33	500
6	34	300
6	35	400
6	36	500
6	37	300
6	38	400
6	39	500
6	40	600
6	41	300
6	42	400
6	43	500
6	44	300
6	45	400
6	46	500
6	47	300
6	48	400
6	49	500
6	50	600
7	1	300
7	2	600
7	3	300
7	4	600
7	5	300
7	6	600
7	7	300
7	8	600
7	9	300
7	10	600
7	11	300
7	12	600
7	13	300
7	14	600
7	15	300
7	16	600
7	17	300
7	18	600
7	19	300
7	20	600
7	21	300
7	22	600
7	23	300
7	24	600
7	25	300
7	26	600
7	27	300
7	28	600
7	29	300
7	30	600
7	31	300
7	32	600
7	33	300
7	34	600
7	35	300
7	36	600
7	37	300
7	38	600
7	39	300
7	40	600
7	41	300
7	42	600
7	43	300
7	44	600
7	45	300
7	46	600
7	47	300
7	48	600
7	49	300
7	50	600
8	1	400
8	2	300
8	3	200
8	4	400
8	5	300
8	6	200
8	7	400
8	8	300
8	9	200
8	10	400
8	11	400
8	12	300
8	13	200
8	14	400
8	15	300
8	16	200
8	17	400
8	18	300
8	19	200
8	20	400
8	21	400
8	22	300
8	23	200
8	24	400
8	25	300
8	26	200
8	27	400
8	28	300
8	29	200
8	30	400
8	31	400
8	32	300
8	33	200
8	34	400
8	35	300
8	36	200
8	37	400
8	38	300
8	39	200
8	40	400
8	41	400
8	42	300
8	43	200
8	44	400
8	45	300
8	46	200
8	47	400
8	48	300
8	49	200
8	50	400
9	1	100
9	2	200
9	3	300
9	4	400
9	5	500
9	6	100
9	7	200
9	8	300
9	9	400
9	10	500
9	11	100
9	12	200
9	13	300
9	14	400
9	15	500
9	16	100
9	17	200
9	18	300
9	19	400
9	20	500
9	21	100
9	22	200
9	23	300
9	24	400
9	25	500
9	26	100
9	27	200
9	28	300
9	29	400
9	30	500
9	31	100
9	32	200
9	33	300
9	34	400
9	35	500
9	36	100
9	37	200
9	38	300
9	39	400
9	40	500
9	41	100
9	42	200
9	43	300
9	44	400
9	45	500
9	46	100
9	47	200
9	48	300
9	49	400
9	50	500
10	1	500
10	2	400
10	3	300
10	4	500
10	5	400
10	6	300
10	7	500
10	8	400
10	9	300
10	10	200
10	11	500
10	12	400
10	13	300
10	14	500
10	15	400
10	16	300
10	17	500
10	18	400
10	19	300
10	20	200
10	21	500
10	22	400
10	23	300
10	24	500
10	25	400
10	26	300
10	27	500
10	28	400
10	29	300
10	30	200
10	31	500
10	32	400
10	33	300
10	34	500
10	35	400
10	36	300
10	37	500
10	38	400
10	39	300
10	40	200
10	41	500
10	42	400
10	43	300
10	44	500
10	45	400
10	46	300
10	47	500
10	48	400
10	49	300
10	50	200
11	1	300
11	2	400
11	3	500
11	4	300
11	5	400
11	6	500
11	7	300
11	8	400
11	9	500
11	10	600
11	11	300
11	12	400
11	13	500
11	14	300
11	15	400
11	16	500
11	17	300
11	18	400
11	19	500
11	20	600
11	21	300
11	22	400
11	23	500
11	24	300
11	25	400
11	26	500
11	27	300
11	28	400
11	29	500
11	30	600
11	31	300
11	32	400
11	33	500
11	34	300
11	35	400
11	36	500
11	37	300
11	38	400
11	39	500
11	40	600
11	41	300
11	42	400
11	43	500
11	44	300
11	45	400
11	46	500
11	47	300
11	48	400
11	49	500
11	50	600
12	1	300
12	2	600
12	3	300
12	4	600
12	5	300
12	6	600
12	7	300
12	8	600
12	9	300
12	10	600
12	11	300
12	12	600
12	13	300
12	14	600
12	15	300
12	16	600
12	17	300
12	18	600
12	19	300
12	20	600
12	21	300
12	22	600
12	23	300
12	24	600
12	25	300
12	26	600
12	27	300
12	28	600
12	29	300
12	30	600
12	31	300
12	32	600
12	33	300
12	34	600
12	35	300
12	36	600
12	37	300
12	38	600
12	39	300
12	40	600
12	41	300
12	42	600
12	43	300
12	44	600
12	45	300
12	46	600
12	47	300
12	48	600
12	49	300
12	50	600
13	1	400
13	2	300
13	3	200
13	4	400
13	5	300
13	6	200
13	7	400
13	8	300
13	9	200
13	10	400
13	11	400
13	12	300
13	13	200
13	14	400
13	15	300
13	16	200
13	17	400
13	18	300
13	19	200
13	20	400
13	21	400
13	22	300
13	23	200
13	24	400
13	25	300
13	26	200
13	27	400
13	28	300
13	29	200
13	30	400
13	31	400
13	32	300
13	33	200
13	34	400
13	35	300
13	36	200
13	37	400
13	38	300
13	39	200
13	40	400
13	41	400
13	42	300
13	43	200
13	44	400
13	45	300
13	46	200
13	47	400
13	48	300
13	49	200
13	50	400
14	1	100
14	2	200
14	3	300
14	4	400
14	5	500
14	6	100
14	7	200
14	8	300
14	9	400
14	10	500
14	11	100
14	12	200
14	13	300
14	14	400
14	15	500
14	16	100
14	17	200
14	18	300
14	19	400
14	20	500
14	21	100
14	22	200
14	23	300
14	24	400
14	25	500
14	26	100
14	27	200
14	28	300
14	29	400
14	30	500
14	31	100
14	32	200
14	33	300
14	34	400
14	35	500
14	36	100
14	37	200
14	38	300
14	39	400
14	40	500
14	41	100
14	42	200
14	43	300
14	44	400
14	45	500
14	46	100
14	47	200
14	48	300
14	49	400
14	50	500
15	1	500
15	2	400
15	3	300
15	4	500
15	5	400
15	6	300
15	7	500
15	8	400
15	9	300
15	10	200
15	11	500
15	12	400
15	13	300
15	14	500
15	15	400
15	16	300
15	17	500
15	18	400
15	19	300
15	20	200
15	21	500
15	22	400
15	23	300
15	24	500
15	25	400
15	26	300
15	27	500
15	28	400
15	29	300
15	30	200
15	31	500
15	32	400
15	33	300
15	34	500
15	35	400
15	36	300
15	37	500
15	38	400
15	39	300
15	40	200
15	41	500
15	42	400
15	43	300
15	44	500
15	45	400
15	46	300
15	47	500
15	48	400
15	49	300
15	50	200
16	1	300
16	2	400
16	3	500
16	4	300
16	5	400
16	6	500
16	7	300
16	8	400
16	9	500
16	10	600
16	11	300
16	12	400
16	13	500
16	14	300
16	15	400
16	16	500
16	17	300
16	18	400
16	19	500
16	20	600
16	21	300
16	22	400
16	23	500
16	24	300
16	25	400
16	26	500
16	27	300
16	28	400
16	29	500
16	30	600
16	31	300
16	32	400
16	33	500
16	34	300
16	35	400
16	36	500
16	37	300
16	38	400
16	39	500
16	40	600
16	41	300
16	42	400
16	43	500
16	44	300
16	45	400
16	46	500
16	47	300
16	48	400
16	49	500
16	50	600
17	1	300
17	2	600
17	3	300
17	4	600
17	5	300
17	6	600
17	7	300
17	8	600
17	9	300
17	10	600
17	11	300
17	12	600
17	13	300
17	14	600
17	15	300
17	16	600
17	17	300
17	18	600
17	19	300
17	20	600
17	21	300
17	22	600
17	23	300
17	24	600
17	25	300
17	26	600
17	27	300
17	28	600
17	29	300
17	30	600
17	31	300
17	32	600
17	33	300
17	34	600
17	35	300
17	36	600
17	37	300
17	38	600
17	39	300
17	40	600
17	41	300
17	42	600
17	43	300
17	44	600
17	45	300
17	46	600
17	47	300
17	48	600
17	49	300
17	50	600
18	1	400
18	2	300
18	3	200
18	4	400
18	5	300
18	6	200
18	7	400
18	8	300
18	9	200
18	10	400
18	11	400
18	12	300
18	13	200
18	14	400
18	15	300
18	16	200
18	17	400
18	18	300
18	19	200
18	20	400
18	21	400
18	22	300
18	23	200
18	24	400
18	25	300
18	26	200
18	27	400
18	28	300
18	29	200
18	30	400
18	31	400
18	32	300
18	33	200
18	34	400
18	35	300
18	36	200
18	37	400
18	38	300
18	39	200
18	40	400
18	41	400
18	42	300
18	43	200
18	44	400
18	45	300
18	46	200
18	47	400
18	48	300
18	49	200
18	50	400
19	1	100
19	2	200
19	3	300
19	4	400
19	5	500
19	6	100
19	7	200
19	8	300
19	9	400
19	10	500
19	11	100
19	12	200
19	13	300
19	14	400
19	15	500
19	16	100
19	17	200
19	18	300
19	19	400
19	20	500
19	21	100
19	22	200
19	23	300
19	24	400
19	25	500
19	26	100
19	27	200
19	28	300
19	29	400
19	30	500
19	31	100
19	32	200
19	33	300
19	34	400
19	35	500
19	36	100
19	37	200
19	38	300
19	39	400
19	40	500
19	41	100
19	42	200
19	43	300
19	44	400
19	45	500
19	46	100
19	47	200
19	48	300
19	49	400
19	50	500
20	1	500
20	2	400
20	3	300
20	4	500
20	5	400
20	6	300
20	7	500
20	8	400
20	9	300
20	10	200
20	11	500
20	12	400
20	13	300
20	14	500
20	15	400
20	16	300
20	17	500
20	18	400
20	19	300
20	20	200
20	21	500
20	22	400
20	23	300
20	24	500
20	25	400
20	26	300
20	27	500
20	28	400
20	29	300
20	30	200
20	31	500
20	32	400
20	33	300
20	34	500
20	35	400
20	36	300
20	37	500
20	38	400
20	39	300
20	40	200
20	41	500
20	42	400
20	43	300
20	44	500
20	45	400
20	46	300
20	47	500
20	48	400
20	49	300
20	50	200
21	1	300
21	2	400
21	3	500
21	4	300
21	5	400
21	6	500
21	7	300
21	8	400
21	9	500
21	10	600
21	11	300
21	12	400
21	13	500
21	14	300
21	15	400
21	16	500
21	17	300
21	18	400
21	19	500
21	20	600
21	21	300
21	22	400
21	23	500
21	24	300
21	25	400
21	26	500
21	27	300
21	28	400
21	29	500
21	30	600
21	31	300
21	32	400
21	33	500
21	34	300
21	35	400
21	36	500
21	37	300
21	38	400
21	39	500
21	40	600
21	41	300
21	42	400
21	43	500
21	44	300
21	45	400
21	46	500
21	47	300
21	48	400
21	49	500
21	50	600
22	1	300
22	2	600
22	3	300
22	4	600
22	5	300
22	6	600
22	7	300
22	8	600
22	9	300
22	10	600
22	11	300
22	12	600
22	13	300
22	14	600
22	15	300
22	16	600
22	17	300
22	18	600
22	19	300
22	20	600
22	21	300
22	22	600
22	23	300
22	24	600
22	25	300
22	26	600
22	27	300
22	28	600
22	29	300
22	30	600
22	31	300
22	32	600
22	33	300
22	34	600
22	35	300
22	36	600
22	37	300
22	38	600
22	39	300
22	40	600
22	41	300
22	42	600
22	43	300
22	44	600
22	45	300
22	46	600
22	47	300
22	48	600
22	49	300
22	50	600
23	1	400
23	2	300
23	3	200
23	4	400
23	5	300
23	6	200
23	7	400
23	8	300
23	9	200
23	10	400
23	11	400
23	12	300
23	13	200
23	14	400
23	15	300
23	16	200
23	17	400
23	18	300
23	19	200
23	20	400
23	21	400
23	22	300
23	23	200
23	24	400
23	25	300
23	26	200
23	27	400
23	28	300
23	29	200
23	30	400
23	31	400
23	32	300
23	33	200
23	34	400
23	35	300
23	36	200
23	37	400
23	38	300
23	39	200
23	40	400
23	41	400
23	42	300
23	43	200
23	44	400
23	45	300
23	46	200
23	47	400
23	48	300
23	49	200
23	50	400
24	1	100
24	2	200
24	3	300
24	4	400
24	5	500
24	6	100
24	7	200
24	8	300
24	9	400
24	10	500
24	11	100
24	12	200
24	13	300
24	14	400
24	15	500
24	16	100
24	17	200
24	18	300
24	19	400
24	20	500
24	21	100
24	22	200
24	23	300
24	24	400
24	25	500
24	26	100
24	27	200
24	28	300
24	29	400
24	30	500
24	31	100
24	32	200
24	33	300
24	34	400
24	35	500
24	36	100
24	37	200
24	38	300
24	39	400
24	40	500
24	41	100
24	42	200
24	43	300
24	44	400
24	45	500
24	46	100
24	47	200
24	48	300
24	49	400
24	50	500
25	1	500
25	2	400
25	3	300
25	4	500
25	5	400
25	6	300
25	7	500
25	8	400
25	9	300
25	10	200
25	11	500
25	12	400
25	13	300
25	14	500
25	15	400
25	16	300
25	17	500
25	18	400
25	19	300
25	20	200
25	21	500
25	22	400
25	23	300
25	24	500
25	25	400
25	26	300
25	27	500
25	28	400
25	29	300
25	30	200
25	31	500
25	32	400
25	33	300
25	34	500
25	35	400
25	36	300
25	37	500
25	38	400
25	39	300
25	40	200
25	41	500
25	42	400
25	43	300
25	44	500
25	45	400
25	46	300
25	47	500
25	48	400
25	49	300
25	50	200
26	1	300
26	2	400
26	3	500
26	4	300
26	5	400
26	6	500
26	7	300
26	8	400
26	9	500
26	10	600
26	11	300
26	12	400
26	13	500
26	14	300
26	15	400
26	16	500
26	17	300
26	18	400
26	19	500
26	20	600
26	21	300
26	22	400
26	23	500
26	24	300
26	25	400
26	26	500
26	27	300
26	28	400
26	29	500
26	30	600
26	31	300
26	32	400
26	33	500
26	34	300
26	35	400
26	36	500
26	37	300
26	38	400
26	39	500
26	40	600
26	41	300
26	42	400
26	43	500
26	44	300
26	45	400
26	46	500
26	47	300
26	48	400
26	49	500
26	50	600
27	1	300
27	2	600
27	3	300
27	4	600
27	5	300
27	6	600
27	7	300
27	8	600
27	9	300
27	10	600
27	11	300
27	12	600
27	13	300
27	14	600
27	15	300
27	16	600
27	17	300
27	18	600
27	19	300
27	20	600
27	21	300
27	22	600
27	23	300
27	24	600
27	25	300
27	26	600
27	27	300
27	28	600
27	29	300
27	30	600
27	31	300
27	32	600
27	33	300
27	34	600
27	35	300
27	36	600
27	37	300
27	38	600
27	39	300
27	40	600
27	41	300
27	42	600
27	43	300
27	44	600
27	45	300
27	46	600
27	47	300
27	48	600
27	49	300
27	50	600
28	1	400
28	2	300
28	3	200
28	4	400
28	5	300
28	6	200
28	7	400
28	8	300
28	9	200
28	10	400
28	11	400
28	12	300
28	13	200
28	14	400
28	15	300
28	16	200
28	17	400
28	18	300
28	19	200
28	20	400
28	21	400
28	22	300
28	23	200
28	24	400
28	25	300
28	26	200
28	27	400
28	28	300
28	29	200
28	30	400
28	31	400
28	32	300
28	33	200
28	34	400
28	35	300
28	36	200
28	37	400
28	38	300
28	39	200
28	40	400
28	41	400
28	42	300
28	43	200
28	44	400
28	45	300
28	46	200
28	47	400
28	48	300
28	49	200
28	50	400
29	1	100
29	2	200
29	3	300
29	4	400
29	5	500
29	6	100
29	7	200
29	8	300
29	9	400
29	10	500
29	11	100
29	12	200
29	13	300
29	14	400
29	15	500
29	16	100
29	17	200
29	18	300
29	19	400
29	20	500
29	21	100
29	22	200
29	23	300
29	24	400
29	25	500
29	26	100
29	27	200
29	28	300
29	29	400
29	30	500
29	31	100
29	32	200
29	33	300
29	34	400
29	35	500
29	36	100
29	37	200
29	38	300
29	39	400
29	40	500
29	41	100
29	42	200
29	43	300
29	44	400
29	45	500
29	46	100
29	47	200
29	48	300
29	49	400
29	50	500
30	1	500
30	2	400
30	3	300
30	4	500
30	5	400
30	6	300
30	7	500
30	8	400
30	9	300
30	10	200
30	11	500
30	12	400
30	13	300
30	14	500
30	15	400
30	16	300
30	17	500
30	18	400
30	19	300
30	20	200
30	21	500
30	22	400
30	23	300
30	24	500
30	25	400
30	26	300
30	27	500
30	28	400
30	29	300
30	30	200
30	31	500
30	32	400
30	33	300
30	34	500
30	35	400
30	36	300
30	37	500
30	38	400
30	39	300
30	40	200
30	41	500
30	42	400
30	43	300
30	44	500
30	45	400
30	46	300
30	47	500
30	48	400
30	49	300
30	50	200
31	1	300
31	2	400
31	3	500
31	4	300
31	5	400
31	6	500
31	7	300
31	8	400
31	9	500
31	10	600
31	11	300
31	12	400
31	13	500
31	14	300
31	15	400
31	16	500
31	17	300
31	18	400
31	19	500
31	20	600
31	21	300
31	22	400
31	23	500
31	24	300
31	25	400
31	26	500
31	27	300
31	28	400
31	29	500
31	30	600
31	31	300
31	32	400
31	33	500
31	34	300
31	35	400
31	36	500
31	37	300
31	38	400
31	39	500
31	40	600
31	41	300
31	42	400
31	43	500
31	44	300
31	45	400
31	46	500
31	47	300
31	48	400
31	49	500
31	50	600
32	1	300
32	2	600
32	3	300
32	4	600
32	5	300
32	6	600
32	7	300
32	8	600
32	9	300
32	10	600
32	11	300
32	12	600
32	13	300
32	14	600
32	15	300
32	16	600
32	17	300
32	18	600
32	19	300
32	20	600
32	21	300
32	22	600
32	23	300
32	24	600
32	25	300
32	26	600
32	27	300
32	28	600
32	29	300
32	30	600
32	31	300
32	32	600
32	33	300
32	34	600
32	35	300
32	36	600
32	37	300
32	38	600
32	39	300
32	40	600
32	41	300
32	42	600
32	43	300
32	44	600
32	45	300
32	46	600
32	47	300
32	48	600
32	49	300
32	50	600
33	1	400
33	2	300
33	3	200
33	4	400
33	5	300
33	6	200
33	7	400
33	8	300
33	9	200
33	10	400
33	11	400
33	12	300
33	13	200
33	14	400
33	15	300
33	16	200
33	17	400
33	18	300
33	19	200
33	20	400
33	21	400
33	22	300
33	23	200
33	24	400
33	25	300
33	26	200
33	27	400
33	28	300
33	29	200
33	30	400
33	31	400
33	32	300
33	33	200
33	34	400
33	35	300
33	36	200
33	37	400
33	38	300
33	39	200
33	40	400
33	41	400
33	42	300
33	43	200
33	44	400
33	45	300
33	46	200
33	47	400
33	48	300
33	49	200
33	50	400
34	1	100
34	2	200
34	3	300
34	4	400
34	5	500
34	6	100
34	7	200
34	8	300
34	9	400
34	10	500
34	11	100
34	12	200
34	13	300
34	14	400
34	15	500
34	16	100
34	17	200
34	18	300
34	19	400
34	20	500
34	21	100
34	22	200
34	23	300
34	24	400
34	25	500
34	26	100
34	27	200
34	28	300
34	29	400
34	30	500
34	31	100
34	32	200
34	33	300
34	34	400
34	35	500
34	36	100
34	37	200
34	38	300
34	39	400
34	40	500
34	41	100
34	42	200
34	43	300
34	44	400
34	45	500
34	46	100
34	47	200
34	48	300
34	49	400
34	50	500
35	1	500
35	2	400
35	3	300
35	4	500
35	5	400
35	6	300
35	7	500
35	8	400
35	9	300
35	10	200
35	11	500
35	12	400
35	13	300
35	14	500
35	15	400
35	16	300
35	17	500
35	18	400
35	19	300
35	20	200
35	21	500
35	22	400
35	23	300
35	24	500
35	25	400
35	26	300
35	27	500
35	28	400
35	29	300
35	30	200
35	31	500
35	32	400
35	33	300
35	34	500
35	35	400
35	36	300
35	37	500
35	38	400
35	39	300
35	40	200
35	41	500
35	42	400
35	43	300
35	44	500
35	45	400
35	46	300
35	47	500
35	48	400
35	49	300
35	50	200
36	1	300
36	2	400
36	3	500
36	4	300
36	5	400
36	6	500
36	7	300
36	8	400
36	9	500
36	10	600
36	11	300
36	12	400
36	13	500
36	14	300
36	15	400
36	16	500
36	17	300
36	18	400
36	19	500
36	20	600
36	21	300
36	22	400
36	23	500
36	24	300
36	25	400
36	26	500
36	27	300
36	28	400
36	29	500
36	30	600
36	31	300
36	32	400
36	33	500
36	34	300
36	35	400
36	36	500
36	37	300
36	38	400
36	39	500
36	40	600
36	41	300
36	42	400
36	43	500
36	44	300
36	45	400
36	46	500
36	47	300
36	48	400
36	49	500
36	50	600
37	1	300
37	2	600
37	3	300
37	4	600
37	5	300
37	6	600
37	7	300
37	8	600
37	9	300
37	10	600
37	11	300
37	12	600
37	13	300
37	14	600
37	15	300
37	16	600
37	17	300
37	18	600
37	19	300
37	20	600
37	21	300
37	22	600
37	23	300
37	24	600
37	25	300
37	26	600
37	27	300
37	28	600
37	29	300
37	30	600
37	31	300
37	32	600
37	33	300
37	34	600
37	35	300
37	36	600
37	37	300
37	38	600
37	39	300
37	40	600
37	41	300
37	42	600
37	43	300
37	44	600
37	45	300
37	46	600
37	47	300
37	48	600
37	49	300
37	50	600
38	1	400
38	2	300
38	3	200
38	4	400
38	5	300
38	6	200
38	7	400
38	8	300
38	9	200
38	10	400
38	11	400
38	12	300
38	13	200
38	14	400
38	15	300
38	16	200
38	17	400
38	18	300
38	19	200
38	20	400
38	21	400
38	22	300
38	23	200
38	24	400
38	25	300
38	26	200
38	27	400
38	28	300
38	29	200
38	30	400
38	31	400
38	32	300
38	33	200
38	34	400
38	35	300
38	36	200
38	37	400
38	38	300
38	39	200
38	40	400
38	41	400
38	42	300
38	43	200
38	44	400
38	45	300
38	46	200
38	47	400
38	48	300
38	49	200
38	50	400
39	1	100
39	2	200
39	3	300
39	4	400
39	5	500
39	6	100
39	7	200
39	8	300
39	9	400
39	10	500
39	11	100
39	12	200
39	13	300
39	14	400
39	15	500
39	16	100
39	17	200
39	18	300
39	19	400
39	20	500
39	21	100
39	22	200
39	23	300
39	24	400
39	25	500
39	26	100
39	27	200
39	28	300
39	29	400
39	30	500
39	31	100
39	32	200
39	33	300
39	34	400
39	35	500
39	36	100
39	37	200
39	38	300
39	39	400
39	40	500
39	41	100
39	42	200
39	43	300
39	44	400
39	45	500
39	46	100
39	47	200
39	48	300
39	49	400
39	50	500
40	1	500
40	2	400
40	3	300
40	4	500
40	5	400
40	6	300
40	7	500
40	8	400
40	9	300
40	10	200
40	11	500
40	12	400
40	13	300
40	14	500
40	15	400
40	16	300
40	17	500
40	18	400
40	19	300
40	20	200
40	21	500
40	22	400
40	23	300
40	24	500
40	25	400
40	26	300
40	27	500
40	28	400
40	29	300
40	30	200
40	31	500
40	32	400
40	33	300
40	34	500
40	35	400
40	36	300
40	37	500
40	38	400
40	39	300
40	40	200
40	41	500
40	42	400
40	43	300
40	44	500
40	45	400
40	46	300
40	47	500
40	48	400
40	49	300
40	50	200
41	1	300
41	2	400
41	3	500
41	4	300
41	5	400
41	6	500
41	7	300
41	8	400
41	9	500
41	10	600
41	11	300
41	12	400
41	13	500
41	14	300
41	15	400
41	16	500
41	17	300
41	18	400
41	19	500
41	20	600
41	21	300
41	22	400
41	23	500
41	24	300
41	25	400
41	26	500
41	27	300
41	28	400
41	29	500
41	30	600
41	31	300
41	32	400
41	33	500
41	34	300
41	35	400
41	36	500
41	37	300
41	38	400
41	39	500
41	40	600
41	41	300
41	42	400
41	43	500
41	44	300
41	45	400
41	46	500
41	47	300
41	48	400
41	49	500
41	50	600
42	1	300
42	2	600
42	3	300
42	4	600
42	5	300
42	6	600
42	7	300
42	8	600
42	9	300
42	10	600
42	11	300
42	12	600
42	13	300
42	14	600
42	15	300
42	16	600
42	17	300
42	18	600
42	19	300
42	20	600
42	21	300
42	22	600
42	23	300
42	24	600
42	25	300
42	26	600
42	27	300
42	28	600
42	29	300
42	30	600
42	31	300
42	32	600
42	33	300
42	34	600
42	35	300
42	36	600
42	37	300
42	38	600
42	39	300
42	40	600
42	41	300
42	42	600
42	43	300
42	44	600
42	45	300
42	46	600
42	47	300
42	48	600
42	49	300
42	50	600
43	1	400
43	2	300
43	3	200
43	4	400
43	5	300
43	6	200
43	7	400
43	8	300
43	9	200
43	10	400
43	11	400
43	12	300
43	13	200
43	14	400
43	15	300
43	16	200
43	17	400
43	18	300
43	19	200
43	20	400
43	21	400
43	22	300
43	23	200
43	24	400
43	25	300
43	26	200
43	27	400
43	28	300
43	29	200
43	30	400
43	31	400
43	32	300
43	33	200
43	34	400
43	35	300
43	36	200
43	37	400
43	38	300
43	39	200
43	40	400
43	41	400
43	42	300
43	43	200
43	44	400
43	45	300
43	46	200
43	47	400
43	48	300
43	49	200
43	50	400
44	1	100
44	2	200
44	3	300
44	4	400
44	5	500
44	6	100
44	7	200
44	8	300
44	9	400
44	10	500
44	11	100
44	12	200
44	13	300
44	14	400
44	15	500
44	16	100
44	17	200
44	18	300
44	19	400
44	20	500
44	21	100
44	22	200
44	23	300
44	24	400
44	25	500
44	26	100
44	27	200
44	28	300
44	29	400
44	30	500
44	31	100
44	32	200
44	33	300
44	34	400
44	35	500
44	36	100
44	37	200
44	38	300
44	39	400
44	40	500
44	41	100
44	42	200
44	43	300
44	44	400
44	45	500
44	46	100
44	47	200
44	48	300
44	49	400
44	50	500
45	1	500
45	2	400
45	3	300
45	4	500
45	5	400
45	6	300
45	7	500
45	8	400
45	9	300
45	10	200
45	11	500
45	12	400
45	13	300
45	14	500
45	15	400
45	16	300
45	17	500
45	18	400
45	19	300
45	20	200
45	21	500
45	22	400
45	23	300
45	24	500
45	25	400
45	26	300
45	27	500
45	28	400
45	29	300
45	30	200
45	31	500
45	32	400
45	33	300
45	34	500
45	35	400
45	36	300
45	37	500
45	38	400
45	39	300
45	40	200
45	41	500
45	42	400
45	43	300
45	44	500
45	45	400
45	46	300
45	47	500
45	48	400
45	49	300
45	50	200
46	1	300
46	2	400
46	3	500
46	4	300
46	5	400
46	6	500
46	7	300
46	8	400
46	9	500
46	10	600
46	11	300
46	12	400
46	13	500
46	14	300
46	15	400
46	16	500
46	17	300
46	18	400
46	19	500
46	20	600
46	21	300
46	22	400
46	23	500
46	24	300
46	25	400
46	26	500
46	27	300
46	28	400
46	29	500
46	30	600
46	31	300
46	32	400
46	33	500
46	34	300
46	35	400
46	36	500
46	37	300
46	38	400
46	39	500
46	40	600
46	41	300
46	42	400
46	43	500
46	44	300
46	45	400
46	46	500
46	47	300
46	48	400
46	49	500
46	50	600
47	1	300
47	2	600
47	3	300
47	4	600
47	5	300
47	6	600
47	7	300
47	8	600
47	9	300
47	10	600
47	11	300
47	12	600
47	13	300
47	14	600
47	15	300
47	16	600
47	17	300
47	18	600
47	19	300
47	20	600
47	21	300
47	22	600
47	23	300
47	24	600
47	25	300
47	26	600
47	27	300
47	28	600
47	29	300
47	30	600
47	31	300
47	32	600
47	33	300
47	34	600
47	35	300
47	36	600
47	37	300
47	38	600
47	39	300
47	40	600
47	41	300
47	42	600
47	43	300
47	44	600
47	45	300
47	46	600
47	47	300
47	48	600
47	49	300
47	50	600
48	1	400
48	2	300
48	3	200
48	4	400
48	5	300
48	6	200
48	7	400
48	8	300
48	9	200
48	10	400
48	11	400
48	12	300
48	13	200
48	14	400
48	15	300
48	16	200
48	17	400
48	18	300
48	19	200
48	20	400
48	21	400
48	22	300
48	23	200
48	24	400
48	25	300
48	26	200
48	27	400
48	28	300
48	29	200
48	30	400
48	31	400
48	32	300
48	33	200
48	34	400
48	35	300
48	36	200
48	37	400
48	38	300
48	39	200
48	40	400
48	41	400
48	42	300
48	43	200
48	44	400
48	45	300
48	46	200
48	47	400
48	48	300
48	49	200
48	50	400
49	1	100
49	2	200
49	3	300
49	4	400
49	5	500
49	6	100
49	7	200
49	8	300
49	9	400
49	10	500
49	11	100
49	12	200
49	13	300
49	14	400
49	15	500
49	16	100
49	17	200
49	18	300
49	19	400
49	20	500
49	21	100
49	22	200
49	23	300
49	24	400
49	25	500
49	26	100
49	27	200
49	28	300
49	29	400
49	30	500
49	31	100
49	32	200
49	33	300
49	34	400
49	35	500
49	36	100
49	37	200
49	38	300
49	39	400
49	40	500
49	41	100
49	42	200
49	43	300
49	44	400
49	45	500
49	46	100
49	47	200
49	48	300
49	49	400
49	50	500
50	1	500
50	2	400
50	3	300
50	4	500
50	5	400
50	6	300
50	7	500
50	8	400
50	9	300
50	10	200
50	11	500
50	12	400
50	13	300
50	14	500
50	15	400
50	16	300
50	17	500
50	18	400
50	19	300
50	20	200
50	21	500
50	22	400
50	23	300
50	24	500
50	25	400
50	26	300
50	27	500
50	28	400
50	29	300
50	30	200
50	31	500
50	32	400
50	33	300
50	34	500
50	35	400
50	36	300
50	37	500
50	38	400
50	39	300
50	40	200
50	41	500
50	42	400
50	43	300
50	44	500
50	45	400
50	46	300
50	47	500
50	48	400
50	49	300
50	50	200
51	1	300
51	2	400
51	3	500
51	4	300
51	5	400
51	6	500
51	7	300
51	8	400
51	9	500
51	10	600
51	11	300
51	12	400
51	13	500
51	14	300
51	15	400
51	16	500
51	17	300
51	18	400
51	19	500
51	20	600
51	21	300
51	22	400
51	23	500
51	24	300
51	25	400
51	26	500
51	27	300
51	28	400
51	29	500
51	30	600
51	31	300
51	32	400
51	33	500
51	34	300
51	35	400
51	36	500
51	37	300
51	38	400
51	39	500
51	40	600
51	41	300
51	42	400
51	43	500
51	44	300
51	45	400
51	46	500
51	47	300
51	48	400
51	49	500
51	50	600
52	1	300
52	2	600
52	3	300
52	4	600
52	5	300
52	6	600
52	7	300
52	8	600
52	9	300
52	10	600
52	11	300
52	12	600
52	13	300
52	14	600
52	15	300
52	16	600
52	17	300
52	18	600
52	19	300
52	20	600
52	21	300
52	22	600
52	23	300
52	24	600
52	25	300
52	26	600
52	27	300
52	28	600
52	29	300
52	30	600
52	31	300
52	32	600
52	33	300
52	34	600
52	35	300
52	36	600
52	37	300
52	38	600
52	39	300
52	40	600
52	41	300
52	42	600
52	43	300
52	44	600
52	45	300
52	46	600
52	47	300
52	48	600
52	49	300
52	50	600
53	1	400
53	2	300
53	3	200
53	4	400
53	5	300
53	6	200
53	7	400
53	8	300
53	9	200
53	10	400
53	11	400
53	12	300
53	13	200
53	14	400
53	15	300
53	16	200
53	17	400
53	18	300
53	19	200
53	20	400
53	21	400
53	22	300
53	23	200
53	24	400
53	25	300
53	26	200
53	27	400
53	28	300
53	29	200
53	30	400
53	31	400
53	32	300
53	33	200
53	34	400
53	35	300
53	36	200
53	37	400
53	38	300
53	39	200
53	40	400
53	41	400
53	42	300
53	43	200
53	44	400
53	45	300
53	46	200
53	47	400
53	48	300
53	49	200
53	50	400
54	1	100
54	2	200
54	3	300
54	4	400
54	5	500
54	6	100
54	7	200
54	8	300
54	9	400
54	10	500
54	11	100
54	12	200
54	13	300
54	14	400
54	15	500
54	16	100
54	17	200
54	18	300
54	19	400
54	20	500
54	21	100
54	22	200
54	23	300
54	24	400
54	25	500
54	26	100
54	27	200
54	28	300
54	29	400
54	30	500
54	31	100
54	32	200
54	33	300
54	34	400
54	35	500
54	36	100
54	37	200
54	38	300
54	39	400
54	40	500
54	41	100
54	42	200
54	43	300
54	44	400
54	45	500
54	46	100
54	47	200
54	48	300
54	49	400
54	50	500
55	1	500
55	2	400
55	3	300
55	4	500
55	5	400
55	6	300
55	7	500
55	8	400
55	9	300
55	10	200
55	11	500
55	12	400
55	13	300
55	14	500
55	15	400
55	16	300
55	17	500
55	18	400
55	19	300
55	20	200
55	21	500
55	22	400
55	23	300
55	24	500
55	25	400
55	26	300
55	27	500
55	28	400
55	29	300
55	30	200
55	31	500
55	32	400
55	33	300
55	34	500
55	35	400
55	36	300
55	37	500
55	38	400
55	39	300
55	40	200
55	41	500
55	42	400
55	43	300
55	44	500
55	45	400
55	46	300
55	47	500
55	48	400
55	49	300
55	50	200
56	1	300
56	2	400
56	3	500
56	4	300
56	5	400
56	6	500
56	7	300
56	8	400
56	9	500
56	10	600
56	11	300
56	12	400
56	13	500
56	14	300
56	15	400
56	16	500
56	17	300
56	18	400
56	19	500
56	20	600
56	21	300
56	22	400
56	23	500
56	24	300
56	25	400
56	26	500
56	27	300
56	28	400
56	29	500
56	30	600
56	31	300
56	32	400
56	33	500
56	34	300
56	35	400
56	36	500
56	37	300
56	38	400
56	39	500
56	40	600
56	41	300
56	42	400
56	43	500
56	44	300
56	45	400
56	46	500
56	47	300
56	48	400
56	49	500
56	50	600
57	1	300
57	2	600
57	3	300
57	4	600
57	5	300
57	6	600
57	7	300
57	8	600
57	9	300
57	10	600
57	11	300
57	12	600
57	13	300
57	14	600
57	15	300
57	16	600
57	17	300
57	18	600
57	19	300
57	20	600
57	21	300
57	22	600
57	23	300
57	24	600
57	25	300
57	26	600
57	27	300
57	28	600
57	29	300
57	30	600
57	31	300
57	32	600
57	33	300
57	34	600
57	35	300
57	36	600
57	37	300
57	38	600
57	39	300
57	40	600
57	41	300
57	42	600
57	43	300
57	44	600
57	45	300
57	46	600
57	47	300
57	48	600
57	49	300
57	50	600
58	1	400
58	2	300
58	3	200
58	4	400
58	5	300
58	6	200
58	7	400
58	8	300
58	9	200
58	10	400
58	11	400
58	12	300
58	13	200
58	14	400
58	15	300
58	16	200
58	17	400
58	18	300
58	19	200
58	20	400
58	21	400
58	22	300
58	23	200
58	24	400
58	25	300
58	26	200
58	27	400
58	28	300
58	29	200
58	30	400
58	31	400
58	32	300
58	33	200
58	34	400
58	35	300
58	36	200
58	37	400
58	38	300
58	39	200
58	40	400
58	41	400
58	42	300
58	43	200
58	44	400
58	45	300
58	46	200
58	47	400
58	48	300
58	49	200
58	50	400
59	1	100
59	2	200
59	3	300
59	4	400
59	5	500
59	6	100
59	7	200
59	8	300
59	9	400
59	10	500
59	11	100
59	12	200
59	13	300
59	14	400
59	15	500
59	16	100
59	17	200
59	18	300
59	19	400
59	20	500
59	21	100
59	22	200
59	23	300
59	24	400
59	25	500
59	26	100
59	27	200
59	28	300
59	29	400
59	30	500
59	31	100
59	32	200
59	33	300
59	34	400
59	35	500
59	36	100
59	37	200
59	38	300
59	39	400
59	40	500
59	41	100
59	42	200
59	43	300
59	44	400
59	45	500
59	46	100
59	47	200
59	48	300
59	49	400
59	50	500
60	1	500
60	2	400
60	3	300
60	4	500
60	5	400
60	6	300
60	7	500
60	8	400
60	9	300
60	10	200
60	11	500
60	12	400
60	13	300
60	14	500
60	15	400
60	16	300
60	17	500
60	18	400
60	19	300
60	20	200
60	21	500
60	22	400
60	23	300
60	24	500
60	25	400
60	26	300
60	27	500
60	28	400
60	29	300
60	30	200
60	31	500
60	32	400
60	33	300
60	34	500
60	35	400
60	36	300
60	37	500
60	38	400
60	39	300
60	40	200
60	41	500
60	42	400
60	43	300
60	44	500
60	45	400
60	46	300
60	47	500
60	48	400
60	49	300
60	50	200
61	1	300
61	2	400
61	3	500
61	4	300
61	5	400
61	6	500
61	7	300
61	8	400
61	9	500
61	10	600
61	11	300
61	12	400
61	13	500
61	14	300
61	15	400
61	16	500
61	17	300
61	18	400
61	19	500
61	20	600
61	21	300
61	22	400
61	23	500
61	24	300
61	25	400
61	26	500
61	27	300
61	28	400
61	29	500
61	30	600
61	31	300
61	32	400
61	33	500
61	34	300
61	35	400
61	36	500
61	37	300
61	38	400
61	39	500
61	40	600
61	41	300
61	42	400
61	43	500
61	44	300
61	45	400
61	46	500
61	47	300
61	48	400
61	49	500
61	50	600
62	1	300
62	2	600
62	3	300
62	4	600
62	5	300
62	6	600
62	7	300
62	8	600
62	9	300
62	10	600
62	11	300
62	12	600
62	13	300
62	14	600
62	15	300
62	16	600
62	17	300
62	18	600
62	19	300
62	20	600
62	21	300
62	22	600
62	23	300
62	24	600
62	25	300
62	26	600
62	27	300
62	28	600
62	29	300
62	30	600
62	31	300
62	32	600
62	33	300
62	34	600
62	35	300
62	36	600
62	37	300
62	38	600
62	39	300
62	40	600
62	41	300
62	42	600
62	43	300
62	44	600
62	45	300
62	46	600
62	47	300
62	48	600
62	49	300
62	50	600
63	1	400
63	2	300
63	3	200
63	4	400
63	5	300
63	6	200
63	7	400
63	8	300
63	9	200
63	10	400
63	11	400
63	12	300
63	13	200
63	14	400
63	15	300
63	16	200
63	17	400
63	18	300
63	19	200
63	20	400
63	21	400
63	22	300
63	23	200
63	24	400
63	25	300
63	26	200
63	27	400
63	28	300
63	29	200
63	30	400
63	31	400
63	32	300
63	33	200
63	34	400
63	35	300
63	36	200
63	37	400
63	38	300
63	39	200
63	40	400
63	41	400
63	42	300
63	43	200
63	44	400
63	45	300
63	46	200
63	47	400
63	48	300
63	49	200
63	50	400
64	1	100
64	2	200
64	3	300
64	4	400
64	5	500
64	6	100
64	7	200
64	8	300
64	9	400
64	10	500
64	11	100
64	12	200
64	13	300
64	14	400
64	15	500
64	16	100
64	17	200
64	18	300
64	19	400
64	20	500
64	21	100
64	22	200
64	23	300
64	24	400
64	25	500
64	26	100
64	27	200
64	28	300
64	29	400
64	30	500
64	31	100
64	32	200
64	33	300
64	34	400
64	35	500
64	36	100
64	37	200
64	38	300
64	39	400
64	40	500
64	41	100
64	42	200
64	43	300
64	44	400
64	45	500
64	46	100
64	47	200
64	48	300
64	49	400
64	50	500
65	1	500
65	2	400
65	3	300
65	4	500
65	5	400
65	6	300
65	7	500
65	8	400
65	9	300
65	10	200
65	11	500
65	12	400
65	13	300
65	14	500
65	15	400
65	16	300
65	17	500
65	18	400
65	19	300
65	20	200
65	21	500
65	22	400
65	23	300
65	24	500
65	25	400
65	26	300
65	27	500
65	28	400
65	29	300
65	30	200
65	31	500
65	32	400
65	33	300
65	34	500
65	35	400
65	36	300
65	37	500
65	38	400
65	39	300
65	40	200
65	41	500
65	42	400
65	43	300
65	44	500
65	45	400
65	46	300
65	47	500
65	48	400
65	49	300
65	50	200
66	1	300
66	2	400
66	3	500
66	4	300
66	5	400
66	6	500
66	7	300
66	8	400
66	9	500
66	10	600
66	11	300
66	12	400
66	13	500
66	14	300
66	15	400
66	16	500
66	17	300
66	18	400
66	19	500
66	20	600
66	21	300
66	22	400
66	23	500
66	24	300
66	25	400
66	26	500
66	27	300
66	28	400
66	29	500
66	30	600
66	31	300
66	32	400
66	33	500
66	34	300
66	35	400
66	36	500
66	37	300
66	38	400
66	39	500
66	40	600
66	41	300
66	42	400
66	43	500
66	44	300
66	45	400
66	46	500
66	47	300
66	48	400
66	49	500
66	50	600
67	1	300
67	2	600
67	3	300
67	4	600
67	5	300
67	6	600
67	7	300
67	8	600
67	9	300
67	10	600
67	11	300
67	12	600
67	13	300
67	14	600
67	15	300
67	16	600
67	17	300
67	18	600
67	19	300
67	20	600
67	21	300
67	22	600
67	23	300
67	24	600
67	25	300
67	26	600
67	27	300
67	28	600
67	29	300
67	30	600
67	31	300
67	32	600
67	33	300
67	34	600
67	35	300
67	36	600
67	37	300
67	38	600
67	39	300
67	40	600
67	41	300
67	42	600
67	43	300
67	44	600
67	45	300
67	46	600
67	47	300
67	48	600
67	49	300
67	50	600
68	1	400
68	2	300
68	3	200
68	4	400
68	5	300
68	6	200
68	7	400
68	8	300
68	9	200
68	10	400
68	11	400
68	12	300
68	13	200
68	14	400
68	15	300
68	16	200
68	17	400
68	18	300
68	19	200
68	20	400
68	21	400
68	22	300
68	23	200
68	24	400
68	25	300
68	26	200
68	27	400
68	28	300
68	29	200
68	30	400
68	31	400
68	32	300
68	33	200
68	34	400
68	35	300
68	36	200
68	37	400
68	38	300
68	39	200
68	40	400
68	41	400
68	42	300
68	43	200
68	44	400
68	45	300
68	46	200
68	47	400
68	48	300
68	49	200
68	50	400
69	1	100
69	2	200
69	3	300
69	4	400
69	5	500
69	6	100
69	7	200
69	8	300
69	9	400
69	10	500
69	11	100
69	12	200
69	13	300
69	14	400
69	15	500
69	16	100
69	17	200
69	18	300
69	19	400
69	20	500
69	21	100
69	22	200
69	23	300
69	24	400
69	25	500
69	26	100
69	27	200
69	28	300
69	29	400
69	30	500
69	31	100
69	32	200
69	33	300
69	34	400
69	35	500
69	36	100
69	37	200
69	38	300
69	39	400
69	40	500
69	41	100
69	42	200
69	43	300
69	44	400
69	45	500
69	46	100
69	47	200
69	48	300
69	49	400
69	50	500
70	1	500
70	2	400
70	3	300
70	4	500
70	5	400
70	6	300
70	7	500
70	8	400
70	9	300
70	10	200
70	11	500
70	12	400
70	13	300
70	14	500
70	15	400
70	16	300
70	17	500
70	18	400
70	19	300
70	20	200
70	21	500
70	22	400
70	23	300
70	24	500
70	25	400
70	26	300
70	27	500
70	28	400
70	29	300
70	30	200
70	31	500
70	32	400
70	33	300
70	34	500
70	35	400
70	36	300
70	37	500
70	38	400
70	39	300
70	40	200
70	41	500
70	42	400
70	43	300
70	44	500
70	45	400
70	46	300
70	47	500
70	48	400
70	49	300
70	50	200
71	1	300
71	2	400
71	3	500
71	4	300
71	5	400
71	6	500
71	7	300
71	8	400
71	9	500
71	10	600
71	11	300
71	12	400
71	13	500
71	14	300
71	15	400
71	16	500
71	17	300
71	18	400
71	19	500
71	20	600
71	21	300
71	22	400
71	23	500
71	24	300
71	25	400
71	26	500
71	27	300
71	28	400
71	29	500
71	30	600
71	31	300
71	32	400
71	33	500
71	34	300
71	35	400
71	36	500
71	37	300
71	38	400
71	39	500
71	40	600
71	41	300
71	42	400
71	43	500
71	44	300
71	45	400
71	46	500
71	47	300
71	48	400
71	49	500
71	50	600
72	1	300
72	2	600
72	3	300
72	4	600
72	5	300
72	6	600
72	7	300
72	8	600
72	9	300
72	10	600
72	11	300
72	12	600
72	13	300
72	14	600
72	15	300
72	16	600
72	17	300
72	18	600
72	19	300
72	20	600
72	21	300
72	22	600
72	23	300
72	24	600
72	25	300
72	26	600
72	27	300
72	28	600
72	29	300
72	30	600
72	31	300
72	32	600
72	33	300
72	34	600
72	35	300
72	36	600
72	37	300
72	38	600
72	39	300
72	40	600
72	41	300
72	42	600
72	43	300
72	44	600
72	45	300
72	46	600
72	47	300
72	48	600
72	49	300
72	50	600
73	1	400
73	2	300
73	3	200
73	4	400
73	5	300
73	6	200
73	7	400
73	8	300
73	9	200
73	10	400
73	11	400
73	12	300
73	13	200
73	14	400
73	15	300
73	16	200
73	17	400
73	18	300
73	19	200
73	20	400
73	21	400
73	22	300
73	23	200
73	24	400
73	25	300
73	26	200
73	27	400
73	28	300
73	29	200
73	30	400
73	31	400
73	32	300
73	33	200
73	34	400
73	35	300
73	36	200
73	37	400
73	38	300
73	39	200
73	40	400
73	41	400
73	42	300
73	43	200
73	44	400
73	45	300
73	46	200
73	47	400
73	48	300
73	49	200
73	50	400
74	1	100
74	2	200
74	3	300
74	4	400
74	5	500
74	6	100
74	7	200
74	8	300
74	9	400
74	10	500
74	11	100
74	12	200
74	13	300
74	14	400
74	15	500
74	16	100
74	17	200
74	18	300
74	19	400
74	20	500
74	21	100
74	22	200
74	23	300
74	24	400
74	25	500
74	26	100
74	27	200
74	28	300
74	29	400
74	30	500
74	31	100
74	32	200
74	33	300
74	34	400
74	35	500
74	36	100
74	37	200
74	38	300
74	39	400
74	40	500
74	41	100
74	42	200
74	43	300
74	44	400
74	45	500
74	46	100
74	47	200
74	48	300
74	49	400
74	50	500
75	1	500
75	2	400
75	3	300
75	4	500
75	5	400
75	6	300
75	7	500
75	8	400
75	9	300
75	10	200
75	11	500
75	12	400
75	13	300
75	14	500
75	15	400
75	16	300
75	17	500
75	18	400
75	19	300
75	20	200
75	21	500
75	22	400
75	23	300
75	24	500
75	25	400
75	26	300
75	27	500
75	28	400
75	29	300
75	30	200
75	31	500
75	32	400
75	33	300
75	34	500
75	35	400
75	36	300
75	37	500
75	38	400
75	39	300
75	40	200
75	41	500
75	42	400
75	43	300
75	44	500
75	45	400
75	46	300
75	47	500
75	48	400
75	49	300
75	50	200
76	1	300
76	2	400
76	3	500
76	4	300
76	5	400
76	6	500
76	7	300
76	8	400
76	9	500
76	10	600
76	11	300
76	12	400
76	13	500
76	14	300
76	15	400
76	16	500
76	17	300
76	18	400
76	19	500
76	20	600
76	21	300
76	22	400
76	23	500
76	24	300
76	25	400
76	26	500
76	27	300
76	28	400
76	29	500
76	30	600
76	31	300
76	32	400
76	33	500
76	34	300
76	35	400
76	36	500
76	37	300
76	38	400
76	39	500
76	40	600
76	41	300
76	42	400
76	43	500
76	44	300
76	45	400
76	46	500
76	47	300
76	48	400
76	49	500
76	50	600
77	1	300
77	2	600
77	3	300
77	4	600
77	5	300
77	6	600
77	7	300
77	8	600
77	9	300
77	10	600
77	11	300
77	12	600
77	13	300
77	14	600
77	15	300
77	16	600
77	17	300
77	18	600
77	19	300
77	20	600
77	21	300
77	22	600
77	23	300
77	24	600
77	25	300
77	26	600
77	27	300
77	28	600
77	29	300
77	30	600
77	31	300
77	32	600
77	33	300
77	34	600
77	35	300
77	36	600
77	37	300
77	38	600
77	39	300
77	40	600
77	41	300
77	42	600
77	43	300
77	44	600
77	45	300
77	46	600
77	47	300
77	48	600
77	49	300
77	50	600
78	1	400
78	2	300
78	3	200
78	4	400
78	5	300
78	6	200
78	7	400
78	8	300
78	9	200
78	10	400
78	11	400
78	12	300
78	13	200
78	14	400
78	15	300
78	16	200
78	17	400
78	18	300
78	19	200
78	20	400
78	21	400
78	22	300
78	23	200
78	24	400
78	25	300
78	26	200
78	27	400
78	28	300
78	29	200
78	30	400
78	31	400
78	32	300
78	33	200
78	34	400
78	35	300
78	36	200
78	37	400
78	38	300
78	39	200
78	40	400
78	41	400
78	42	300
78	43	200
78	44	400
78	45	300
78	46	200
78	47	400
78	48	300
78	49	200
78	50	400
79	1	100
79	2	200
79	3	300
79	4	400
79	5	500
79	6	100
79	7	200
79	8	300
79	9	400
79	10	500
79	11	100
79	12	200
79	13	300
79	14	400
79	15	500
79	16	100
79	17	200
79	18	300
79	19	400
79	20	500
79	21	100
79	22	200
79	23	300
79	24	400
79	25	500
79	26	100
79	27	200
79	28	300
79	29	400
79	30	500
79	31	100
79	32	200
79	33	300
79	34	400
79	35	500
79	36	100
79	37	200
79	38	300
79	39	400
79	40	500
79	41	100
79	42	200
79	43	300
79	44	400
79	45	500
79	46	100
79	47	200
79	48	300
79	49	400
79	50	500
80	1	500
80	2	400
80	3	300
80	4	500
80	5	400
80	6	300
80	7	500
80	8	400
80	9	300
80	10	200
80	11	500
80	12	400
80	13	300
80	14	500
80	15	400
80	16	300
80	17	500
80	18	400
80	19	300
80	20	200
80	21	500
80	22	400
80	23	300
80	24	500
80	25	400
80	26	300
80	27	500
80	28	400
80	29	300
80	30	200
80	31	500
80	32	400
80	33	300
80	34	500
80	35	400
80	36	300
80	37	500
80	38	400
80	39	300
80	40	200
80	41	500
80	42	400
80	43	300
80	44	500
80	45	400
80	46	300
80	47	500
80	48	400
80	49	300
80	50	200
81	1	300
81	2	400
81	3	500
81	4	300
81	5	400
81	6	500
81	7	300
81	8	400
81	9	500
81	10	600
81	11	300
81	12	400
81	13	500
81	14	300
81	15	400
81	16	500
81	17	300
81	18	400
81	19	500
81	20	600
81	21	300
81	22	400
81	23	500
81	24	300
81	25	400
81	26	500
81	27	300
81	28	400
81	29	500
81	30	600
81	31	300
81	32	400
81	33	500
81	34	300
81	35	400
81	36	500
81	37	300
81	38	400
81	39	500
81	40	600
81	41	300
81	42	400
81	43	500
81	44	300
81	45	400
81	46	500
81	47	300
81	48	400
81	49	500
81	50	600
82	1	300
82	2	600
82	3	300
82	4	600
82	5	300
82	6	600
82	7	300
82	8	600
82	9	300
82	10	600
82	11	300
82	12	600
82	13	300
82	14	600
82	15	300
82	16	600
82	17	300
82	18	600
82	19	300
82	20	600
82	21	300
82	22	600
82	23	300
82	24	600
82	25	300
82	26	600
82	27	300
82	28	600
82	29	300
82	30	600
82	31	300
82	32	600
82	33	300
82	34	600
82	35	300
82	36	600
82	37	300
82	38	600
82	39	300
82	40	600
82	41	300
82	42	600
82	43	300
82	44	600
82	45	300
82	46	600
82	47	300
82	48	600
82	49	300
82	50	600
83	1	400
83	2	300
83	3	200
83	4	400
83	5	300
83	6	200
83	7	400
83	8	300
83	9	200
83	10	400
83	11	400
83	12	300
83	13	200
83	14	400
83	15	300
83	16	200
83	17	400
83	18	300
83	19	200
83	20	400
83	21	400
83	22	300
83	23	200
83	24	400
83	25	300
83	26	200
83	27	400
83	28	300
83	29	200
83	30	400
83	31	400
83	32	300
83	33	200
83	34	400
83	35	300
83	36	200
83	37	400
83	38	300
83	39	200
83	40	400
83	41	400
83	42	300
83	43	200
83	44	400
83	45	300
83	46	200
83	47	400
83	48	300
83	49	200
83	50	400
84	1	100
84	2	200
84	3	300
84	4	400
84	5	500
84	6	100
84	7	200
84	8	300
84	9	400
84	10	500
84	11	100
84	12	200
84	13	300
84	14	400
84	15	500
84	16	100
84	17	200
84	18	300
84	19	400
84	20	500
84	21	100
84	22	200
84	23	300
84	24	400
84	25	500
84	26	100
84	27	200
84	28	300
84	29	400
84	30	500
84	31	100
84	32	200
84	33	300
84	34	400
84	35	500
84	36	100
84	37	200
84	38	300
84	39	400
84	40	500
84	41	100
84	42	200
84	43	300
84	44	400
84	45	500
84	46	100
84	47	200
84	48	300
84	49	400
84	50	500
85	1	500
85	2	400
85	3	300
85	4	500
85	5	400
85	6	300
85	7	500
85	8	400
85	9	300
85	10	200
85	11	500
85	12	400
85	13	300
85	14	500
85	15	400
85	16	300
85	17	500
85	18	400
85	19	300
85	20	200
85	21	500
85	22	400
85	23	300
85	24	500
85	25	400
85	26	300
85	27	500
85	28	400
85	29	300
85	30	200
85	31	500
85	32	400
85	33	300
85	34	500
85	35	400
85	36	300
85	37	500
85	38	400
85	39	300
85	40	200
85	41	500
85	42	400
85	43	300
85	44	500
85	45	400
85	46	300
85	47	500
85	48	400
85	49	300
85	50	200
86	1	300
86	2	400
86	3	500
86	4	300
86	5	400
86	6	500
86	7	300
86	8	400
86	9	500
86	10	600
86	11	300
86	12	400
86	13	500
86	14	300
86	15	400
86	16	500
86	17	300
86	18	400
86	19	500
86	20	600
86	21	300
86	22	400
86	23	500
86	24	300
86	25	400
86	26	500
86	27	300
86	28	400
86	29	500
86	30	600
86	31	300
86	32	400
86	33	500
86	34	300
86	35	400
86	36	500
86	37	300
86	38	400
86	39	500
86	40	600
86	41	300
86	42	400
86	43	500
86	44	300
86	45	400
86	46	500
86	47	300
86	48	400
86	49	500
86	50	600
87	1	300
87	2	600
87	3	300
87	4	600
87	5	300
87	6	600
87	7	300
87	8	600
87	9	300
87	10	600
87	11	300
87	12	600
87	13	300
87	14	600
87	15	300
87	16	600
87	17	300
87	18	600
87	19	300
87	20	600
87	21	300
87	22	600
87	23	300
87	24	600
87	25	300
87	26	600
87	27	300
87	28	600
87	29	300
87	30	600
87	31	300
87	32	600
87	33	300
87	34	600
87	35	300
87	36	600
87	37	300
87	38	600
87	39	300
87	40	600
87	41	300
87	42	600
87	43	300
87	44	600
87	45	300
87	46	600
87	47	300
87	48	600
87	49	300
87	50	600
88	1	400
88	2	300
88	3	200
88	4	400
88	5	300
88	6	200
88	7	400
88	8	300
88	9	200
88	10	400
88	11	400
88	12	300
88	13	200
88	14	400
88	15	300
88	16	200
88	17	400
88	18	300
88	19	200
88	20	400
88	21	400
88	22	300
88	23	200
88	24	400
88	25	300
88	26	200
88	27	400
88	28	300
88	29	200
88	30	400
88	31	400
88	32	300
88	33	200
88	34	400
88	35	300
88	36	200
88	37	400
88	38	300
88	39	200
88	40	400
88	41	400
88	42	300
88	43	200
88	44	400
88	45	300
88	46	200
88	47	400
88	48	300
88	49	200
88	50	400
89	1	100
89	2	200
89	3	300
89	4	400
89	5	500
89	6	100
89	7	200
89	8	300
89	9	400
89	10	500
89	11	100
89	12	200
89	13	300
89	14	400
89	15	500
89	16	100
89	17	200
89	18	300
89	19	400
89	20	500
89	21	100
89	22	200
89	23	300
89	24	400
89	25	500
89	26	100
89	27	200
89	28	300
89	29	400
89	30	500
89	31	100
89	32	200
89	33	300
89	34	400
89	35	500
89	36	100
89	37	200
89	38	300
89	39	400
89	40	500
89	41	100
89	42	200
89	43	300
89	44	400
89	45	500
89	46	100
89	47	200
89	48	300
89	49	400
89	50	500
90	1	500
90	2	400
90	3	300
90	4	500
90	5	400
90	6	300
90	7	500
90	8	400
90	9	300
90	10	200
90	11	500
90	12	400
90	13	300
90	14	500
90	15	400
90	16	300
90	17	500
90	18	400
90	19	300
90	20	200
90	21	500
90	22	400
90	23	300
90	24	500
90	25	400
90	26	300
90	27	500
90	28	400
90	29	300
90	30	200
90	31	500
90	32	400
90	33	300
90	34	500
90	35	400
90	36	300
90	37	500
90	38	400
90	39	300
90	40	200
90	41	500
90	42	400
90	43	300
90	44	500
90	45	400
90	46	300
90	47	500
90	48	400
90	49	300
90	50	200
91	1	300
91	2	400
91	3	500
91	4	300
91	5	400
91	6	500
91	7	300
91	8	400
91	9	500
91	10	600
91	11	300
91	12	400
91	13	500
91	14	300
91	15	400
91	16	500
91	17	300
91	18	400
91	19	500
91	20	600
91	21	300
91	22	400
91	23	500
91	24	300
91	25	400
91	26	500
91	27	300
91	28	400
91	29	500
91	30	600
91	31	300
91	32	400
91	33	500
91	34	300
91	35	400
91	36	500
91	37	300
91	38	400
91	39	500
91	40	600
91	41	300
91	42	400
91	43	500
91	44	300
91	45	400
91	46	500
91	47	300
91	48	400
91	49	500
91	50	600
92	1	300
92	2	600
92	3	300
92	4	600
92	5	300
92	6	600
92	7	300
92	8	600
92	9	300
92	10	600
92	11	300
92	12	600
92	13	300
92	14	600
92	15	300
92	16	600
92	17	300
92	18	600
92	19	300
92	20	600
92	21	300
92	22	600
92	23	300
92	24	600
92	25	300
92	26	600
92	27	300
92	28	600
92	29	300
92	30	600
92	31	300
92	32	600
92	33	300
92	34	600
92	35	300
92	36	600
92	37	300
92	38	600
92	39	300
92	40	600
92	41	300
92	42	600
92	43	300
92	44	600
92	45	300
92	46	600
92	47	300
92	48	600
92	49	300
92	50	600
93	1	400
93	2	300
93	3	200
93	4	400
93	5	300
93	6	200
93	7	400
93	8	300
93	9	200
93	10	400
93	11	400
93	12	300
93	13	200
93	14	400
93	15	300
93	16	200
93	17	400
93	18	300
93	19	200
93	20	400
93	21	400
93	22	300
93	23	200
93	24	400
93	25	300
93	26	200
93	27	400
93	28	300
93	29	200
93	30	400
93	31	400
93	32	300
93	33	200
93	34	400
93	35	300
93	36	200
93	37	400
93	38	300
93	39	200
93	40	400
93	41	400
93	42	300
93	43	200
93	44	400
93	45	300
93	46	200
93	47	400
93	48	300
93	49	200
93	50	400
94	1	100
94	2	200
94	3	300
94	4	400
94	5	500
94	6	100
94	7	200
94	8	300
94	9	400
94	10	500
94	11	100
94	12	200
94	13	300
94	14	400
94	15	500
94	16	100
94	17	200
94	18	300
94	19	400
94	20	500
94	21	100
94	22	200
94	23	300
94	24	400
94	25	500
94	26	100
94	27	200
94	28	300
94	29	400
94	30	500
94	31	100
94	32	200
94	33	300
94	34	400
94	35	500
94	36	100
94	37	200
94	38	300
94	39	400
94	40	500
94	41	100
94	42	200
94	43	300
94	44	400
94	45	500
94	46	100
94	47	200
94	48	300
94	49	400
94	50	500
95	1	500
95	2	400
95	3	300
95	4	500
95	5	400
95	6	300
95	7	500
95	8	400
95	9	300
95	10	200
95	11	500
95	12	400
95	13	300
95	14	500
95	15	400
95	16	300
95	17	500
95	18	400
95	19	300
95	20	200
95	21	500
95	22	400
95	23	300
95	24	500
95	25	400
95	26	300
95	27	500
95	28	400
95	29	300
95	30	200
95	31	500
95	32	400
95	33	300
95	34	500
95	35	400
95	36	300
95	37	500
95	38	400
95	39	300
95	40	200
95	41	500
95	42	400
95	43	300
95	44	500
95	45	400
95	46	300
95	47	500
95	48	400
95	49	300
95	50	200
96	1	300
96	2	400
96	3	500
96	4	300
96	5	400
96	6	500
96	7	300
96	8	400
96	9	500
96	10	600
96	11	300
96	12	400
96	13	500
96	14	300
96	15	400
96	16	500
96	17	300
96	18	400
96	19	500
96	20	600
96	21	300
96	22	400
96	23	500
96	24	300
96	25	400
96	26	500
96	27	300
96	28	400
96	29	500
96	30	600
96	31	300
96	32	400
96	33	500
96	34	300
96	35	400
96	36	500
96	37	300
96	38	400
96	39	500
96	40	600
96	41	300
96	42	400
96	43	500
96	44	300
96	45	400
96	46	500
96	47	300
96	48	400
96	49	500
96	50	600
97	1	300
97	2	600
97	3	300
97	4	600
97	5	300
97	6	600
97	7	300
97	8	600
97	9	300
97	10	600
97	11	300
97	12	600
97	13	300
97	14	600
97	15	300
97	16	600
97	17	300
97	18	600
97	19	300
97	20	600
97	21	300
97	22	600
97	23	300
97	24	600
97	25	300
97	26	600
97	27	300
97	28	600
97	29	300
97	30	600
97	31	300
97	32	600
97	33	300
97	34	600
97	35	300
97	36	600
97	37	300
97	38	600
97	39	300
97	40	600
97	41	300
97	42	600
97	43	300
97	44	600
97	45	300
97	46	600
97	47	300
97	48	600
97	49	300
97	50	600
98	1	400
98	2	300
98	3	200
98	4	400
98	5	300
98	6	200
98	7	400
98	8	300
98	9	200
98	10	400
98	11	400
98	12	300
98	13	200
98	14	400
98	15	300
98	16	200
98	17	400
98	18	300
98	19	200
98	20	400
98	21	400
98	22	300
98	23	200
98	24	400
98	25	300
98	26	200
98	27	400
98	28	300
98	29	200
98	30	400
98	31	400
98	32	300
98	33	200
98	34	400
98	35	300
98	36	200
98	37	400
98	38	300
98	39	200
98	40	400
98	41	400
98	42	300
98	43	200
98	44	400
98	45	300
98	46	200
98	47	400
98	48	300
98	49	200
98	50	400
99	1	100
99	2	200
99	3	300
99	4	400
99	5	500
99	6	100
99	7	200
99	8	300
99	9	400
99	10	500
99	11	100
99	12	200
99	13	300
99	14	400
99	15	500
99	16	100
99	17	200
99	18	300
99	19	400
99	20	500
99	21	100
99	22	200
99	23	300
99	24	400
99	25	500
99	26	100
99	27	200
99	28	300
99	29	400
99	30	500
99	31	100
99	32	200
99	33	300
99	34	400
99	35	500
99	36	100
99	37	200
99	38	300
99	39	400
99	40	500
99	41	100
99	42	200
99	43	300
99	44	400
99	45	500
99	46	100
99	47	200
99	48	300
99	49	400
99	50	500
100	1	500
100	2	400
100	3	300
100	4	500
100	5	400
100	6	300
100	7	500
100	8	400
100	9	300
100	10	200
100	11	500
100	12	400
100	13	300
100	14	500
100	15	400
100	16	300
100	17	500
100	18	400
100	19	300
100	20	200
100	21	500
100	22	400
100	23	300
100	24	500
100	25	400
100	26	300
100	27	500
100	28	400
100	29	300
100	30	200
100	31	500
100	32	400
100	33	300
100	34	500
100	35	400
100	36	300
100	37	500
100	38	400
100	39	300
100	40	200
100	41	500
100	42	400
100	43	300
100	44	500
100	45	400
100	46	300
100	47	500
100	48	400
100	49	300
100	50	200