1	1	400
1	2	400
1	3	400
1	4	400
1	5	400
1	6	400
1	7	400
1	8	400
1	9	400
1	10	400
1	11	400
1	12	400
1	13	400
1	14	400
1	15	400
1	16	400
1	17	400
1	18	400
1	19	400
1	20	400
1	21	400
1	22	400
1	23	400
1	24	400
1	25	400
1	26	400
1	27	400
1	28	400
1	29	400
1	30	400
1	31	400
1	32	400
1	33	400
1	34	400
1	35	400
1	36	400
1	37	400
1	38	400
1	39	400
1	40	400
1	41	400
1	42	400
1	43	400
1	44	400
1	45	400
1	46	400
1	47	400
1	48	400
1	49	400
1	50	400
2	1	400
2	2	400
2	3	400
2	4	400
2	5	400
2	6	400
2	7	400
2	8	400
2	9	400
2	10	400
2	11	400
2	12	400
2	13	400
2	14	400
2	15	400
2	16	400
2	17	400
2	18	400
2	19	400
2	20	400
2	21	400
2	22	400
2	23	400
2	24	400
2	25	400
2	26	400
2	27	400
2	28	400
2	29	400
2	30	400
2	31	400
2	32	400
2	33	400
2	34	400
2	35	400
2	36	400
2	37	400
2	38	400
2	39	400
2	40	400
2	41	400
2	42	400
2	43	400
2	44	400
2	45	400
2	46	400
2	47	400
2	48	400
2	49	400
2	50	400
3	1	400
3	2	400
3	3	400
3	4	400
3	5	400
3	6	400
3	7	400
3	8	400
3	9	400
3	10	400
3	11	400
3	12	400
3	13	400
3	14	400
3	15	400
3	16	400
3	17	400
3	18	400
3	19	400
3	20	400
3	21	400
3	22	400
3	23	400
3	24	400
3	25	400
3	26	400
3	27	400
3	28	400
3	29	400
3	30	400
3	31	400
3	32	400
3	33	400
3	34	400
3	35	400
3	36	400
3	37	400
3	38	400
3	39	400
3	40	400
3	41	400
3	42	400
3	43	400
3	44	400
3	45	400
3	46	400
3	47	400
3	48	400
3	49	400
3	50	400
4	1	400
4	2	400
4	3	400
4	4	400
4	5	400
4	6	400
4	7	400
4	8	400
4	9	400
4	10	400
4	11	400
4	12	400
4	13	400
4	14	400
4	15	400
4	16	400
4	17	400
4	18	400
4	19	400
4	20	400
4	21	400
4	22	400
4	23	400
4	24	400
4	25	400
4	26	400
4	27	400
4	28	400
4	29	400
4	30	400
4	31	400
4	32	400
4	33	400
4	34	400
4	35	400
4	36	400
4	37	400
4	38	400
4	39	400
4	40	400
4	41	400
4	42	400
4	43	400
4	44	400
4	45	400
4	46	400
4	47	400
4	48	400
4	49	400
4	50	400
5	1	400
5	2	400
5	3	400
5	4	400
5	5	400
5	6	400
5	7	400
5	8	400
5	9	400
5	10	400
5	11	400
5	12	400
5	13	400
5	14	400
5	15	400
5	16	400
5	17	400
5	18	400
5	19	400
5	20	400
5	21	400
5	22	400
5	23	400
5	24	400
5	25	400
5	26	400
5	27	400
5	28	400
5	29	400
5	30	400
5	31	400
5	32	400
5	33	400
5	34	400
5	35	400
5	36	400
5	37	400
5	38	400
5	39	400
5	40	400
5	41	400
5	42	400
5	43	400
5	44	400
5	45	400
5	46	400
5	47	400
5	48	400
5	49	400
5	50	400
6	1	400
6	2	400
6	3	400
6	4	400
6	5	400
6	6	400
6	7	400
6	8	400
6	9	400
6	10	400
6	11	400
6	12	400
6	13	400
6	14	400
6	15	400
6	16	400
6	17	400
6	18	400
6	19	400
6	20	400
6	21	400
6	22	400
6	23	400
6	24	400
6	25	400
6	26	400
6	27	400
6	28	400
6	29	400
6	30	400
6	31	400
6	32	400
6	33	400
6	34	400
6	35	400
6	36	400
6	37	400
6	38	400
6	39	400
6	40	400
6	41	400
6	42	400
6	43	400
6	44	400
6	45	400
6	46	400
6	47	400
6	48	400
6	49	400
6	50	400
7	1	400
7	2	400
7	3	400
7	4	400
7	5	400
7	6	400
7	7	400
7	8	400
7	9	400
7	10	400
7	11	400
7	12	400
7	13	400
7	14	400
7	15	400
7	16	400
7	17	400
7	18	400
7	19	400
7	20	400
7	21	400
7	22	400
7	23	400
7	24	400
7	25	400
7	26	400
7	27	400
7	28	400
7	29	400
7	30	400
7	31	400
7	32	400
7	33	400
7	34	400
7	35	400
7	36	400
7	37	400
7	38	400
7	39	400
7	40	400
7	41	400
7	42	400
7	43	400
7	44	400
7	45	400
7	46	400
7	47	400
7	48	400
7	49	400
7	50	400
8	1	400
8	2	400
8	3	400
8	4	400
8	5	400
8	6	400
8	7	400
8	8	400
8	9	400
8	10	400
8	11	400
8	12	400
8	13	400
8	14	400
8	15	400
8	16	400
8	17	400
8	18	400
8	19	400
8	20	400
8	21	400
8	22	400
8	23	400
8	24	400
8	25	400
8	26	400
8	27	400
8	28	400
8	29	400
8	30	400
8	31	400
8	32	400
8	33	400
8	34	400
8	35	400
8	36	400
8	37	400
8	38	400
8	39	400
8	40	400
8	41	400
8	42	400
8	43	400
8	44	400
8	45	400
8	46	400
8	47	400
8	48	400
8	49	400
8	50	400
9	1	400
9	2	400
9	3	400
9	4	400
9	5	400
9	6	400
9	7	400
9	8	400
9	9	400
9	10	400
9	11	400
9	12	400
9	13	400
9	14	400
9	15	400
9	16	400
9	17	400
9	18	400
9	19	400
9	20	400
9	21	400
9	22	400
9	23	400
9	24	400
9	25	400
9	26	400
9	27	400
9	28	400
9	29	400
9	30	400
9	31	400
9	32	400
9	33	400
9	34	400
9	35	400
9	36	400
9	37	400
9	38	400
9	39	400
9	40	400
9	41	400
9	42	400
9	43	400
9	44	400
9	45	400
9	46	400
9	47	400
9	48	400
9	49	400
9	50	400
10	1	400
10	2	400
10	3	400
10	4	400
10	5	400
10	6	400
10	7	400
10	8	400
10	9	400
10	10	400
10	11	400
10	12	400
10	13	400
10	14	400
10	15	400
10	16	400
10	17	400
10	18	400
10	19	400
10	20	400
10	21	400
10	22	400
10	23	400
10	24	400
10	25	400
10	26	400
10	27	400
10	28	400
10	29	400
10	30	400
10	31	400
10	32	400
10	33	400
10	34	400
10	35	400
10	36	400
10	37	400
10	38	400
10	39	400
10	40	400
10	41	400
10	42	400
10	43	400
10	44	400
10	45	400
10	46	400
10	47	400
10	48	400
10	49	400
10	50	400
11	1	400
11	2	400
11	3	400
11	4	400
11	5	400
11	6	400
11	7	400
11	8	400
11	9	400
11	10	400
11	11	400
11	12	400
11	13	400
11	14	400
11	15	400
11	16	400
11	17	400
11	18	400
11	19	400
11	20	400
11	21	400
11	22	400
11	23	400
11	24	400
11	25	400
11	26	400
11	27	400
11	28	400
11	29	400
11	30	400
11	31	400
11	32	400
11	33	400
11	34	400
11	35	400
11	36	400
11	37	400
11	38	400
11	39	400
11	40	400
11	41	400
11	42	400
11	43	400
11	44	400
11	45	400
11	46	400
11	47	400
11	48	400
11	49	400
11	50	400
12	1	400
12	2	400
12	3	400
12	4	400
12	5	400
12	6	400
12	7	400
12	8	400
12	9	400
12	10	400
12	11	400
12	12	400
12	13	400
12	14	400
12	15	400
12	16	400
12	17	400
12	18	400
12	19	400
12	20	400
12	21	400
12	22	400
12	23	400
12	24	400
12	25	400
12	26	400
12	27	400
12	28	400
12	29	400
12	30	400
12	31	400
12	32	400
12	33	400
12	34	400
12	35	400
12	36	400
12	37	400
12	38	400
12	39	400
12	40	400
12	41	400
12	42	400
12	43	400
12	44	400
12	45	400
12	46	400
12	47	400
12	48	400
12	49	400
12	50	400
13	1	400
13	2	400
13	3	400
13	4	400
13	5	400
13	6	400
13	7	400
13	8	400
13	9	400
13	10	400
13	11	400
13	12	400
13	13	400
13	14	400
13	15	400
13	16	400
13	17	400
13	18	400
13	19	400
13	20	400
13	21	400
13	22	400
13	23	400
13	24	400
13	25	400
13	26	400
13	27	400
13	28	400
13	29	400
13	30	400
13	31	400
13	32	400
13	33	400
13	34	400
13	35	400
13	36	400
13	37	400
13	38	400
13	39	400
13	40	400
13	41	400
13	42	400
13	43	400
13	44	400
13	45	400
13	46	400
13	47	400
13	48	400
13	49	400
13	50	400
14	1	400
14	2	400
14	3	400
14	4	400
14	5	400
14	6	400
14	7	400
14	8	400
14	9	400
14	10	400
14	11	400
14	12	400
14	13	400
14	14	400
14	15	400
14	16	400
14	17	400
14	18	400
14	19	400
14	20	400
14	21	400
14	22	400
14	23	400
14	24	400
14	25	400
14	26	400
14	27	400
14	28	400
14	29	400
14	30	400
14	31	400
14	32	400
14	33	400
14	34	400
14	35	400
14	36	400
14	37	400
14	38	400
14	39	400
14	40	400
14	41	400
14	42	400
14	43	400
14	44	400
14	45	400
14	46	400
14	47	400
14	48	400
14	49	400
14	50	400
15	1	400
15	2	400
15	3	400
15	4	400
15	5	400
15	6	400
15	7	400
15	8	400
15	9	400
15	10	400
15	11	400
15	12	400
15	13	400
15	14	400
15	15	400
15	16	400
15	17	400
15	18	400
15	19	400
15	20	400
15	21	400
15	22	400
15	23	400
15	24	400
15	25	400
15	26	400
15	27	400
15	28	400
15	29	400
15	30	400
15	31	400
15	32	400
15	33	400
15	34	400
15	35	400
15	36	400
15	37	400
15	38	400
15	39	400
15	40	400
15	41	400
15	42	400
15	43	400
15	44	400
15	45	400
15	46	400
15	47	400
15	48	400
15	49	400
15	50	400
16	1	400
16	2	400
16	3	400
16	4	400
16	5	400
16	6	400
16	7	400
16	8	400
16	9	400
16	10	400
16	11	400
16	12	400
16	13	400
16	14	400
16	15	400
16	16	400
16	17	400
16	18	400
16	19	400
16	20	400
16	21	400
16	22	400
16	23	400
16	24	400
16	25	400
16	26	400
16	27	400
16	28	400
16	29	400
16	30	400
16	31	400
16	32	400
16	33	400
16	34	400
16	35	400
16	36	400
16	37	400
16	38	400
16	39	400
16	40	400
16	41	400
16	42	400
16	43	400
16	44	400
16	45	400
16	46	400
16	47	400
16	48	400
16	49	400
16	50	400
17	1	400
17	2	400
17	3	400
17	4	400
17	5	400
17	6	400
17	7	400
17	8	400
17	9	400
17	10	400
17	11	400
17	12	400
17	13	400
17	14	400
17	15	400
17	16	400
17	17	400
17	18	400
17	19	400
17	20	400
17	21	400
17	22	400
17	23	400
17	24	400
17	25	400
17	26	400
17	27	400
17	28	400
17	29	400
17	30	400
17	31	400
17	32	400
17	33	400
17	34	400
17	35	400
17	36	400
17	37	400
17	38	400
17	39	400
17	40	400
17	41	400
17	42	400
17	43	400
17	44	400
17	45	400
17	46	400
17	47	400
17	48	400
17	49	400
17	50	400
18	1	400
18	2	400
18	3	400
18	4	400
18	5	400
18	6	400
18	7	400
18	8	400
18	9	400
18	10	400
18	11	400
18	12	400
18	13	400
18	14	400
18	15	400
18	16	400
18	17	400
18	18	400
18	19	400
18	20	400
18	21	400
18	22	400
18	23	400
18	24	400
18	25	400
18	26	400
18	27	400
18	28	400
18	29	400
18	30	400
18	31	400
18	32	400
18	33	400
18	34	400
18	35	400
18	36	400
18	37	400
18	38	400
18	39	400
18	40	400
18	41	400
18	42	400
18	43	400
18	44	400
18	45	400
18	46	400
18	47	400
18	48	400
18	49	400
18	50	400
19	1	400
19	2	400
19	3	400
19	4	400
19	5	400
19	6	400
19	7	400
19	8	400
19	9	400
19	10	400
19	11	400
19	12	400
19	13	400
19	14	400
19	15	400
19	16	400
19	17	400
19	18	400
19	19	400
19	20	400
19	21	400
19	22	400
19	23	400
19	24	400
19	25	400
19	26	400
19	27	400
19	28	400
19	29	400
19	30	400
19	31	400
19	32	400
19	33	400
19	34	400
19	35	400
19	36	400
19	37	400
19	38	400
19	39	400
19	40	400
19	41	400
19	42	400
19	43	400
19	44	400
19	45	400
19	46	400
19	47	400
19	48	400
19	49	400
19	50	400
20	1	400
20	2	400
20	3	400
20	4	400
20	5	400
20	6	400
20	7	400
20	8	400
20	9	400
20	10	400
20	11	400
20	12	400
20	13	400
20	14	400
20	15	400
20	16	400
20	17	400
20	18	400
20	19	400
20	20	400
20	21	400
20	22	400
20	23	400
20	24	400
20	25	400
20	26	400
20	27	400
20	28	400
20	29	400
20	30	400
20	31	400
20	32	400
20	33	400
20	34	400
20	35	400
20	36	400
20	37	400
20	38	400
20	39	400
20	40	400
20	41	400
20	42	400
20	43	400
20	44	400
20	45	400
20	46	400
20	47	400
20	48	400
20	49	400
20	50	400
21	1	400
21	2	400
21	3	400
21	4	400
21	5	400
21	6	400
21	7	400
21	8	400
21	9	400
21	10	400
21	11	400
21	12	400
21	13	400
21	14	400
21	15	400
21	16	400
21	17	400
21	18	400
21	19	400
21	20	400
21	21	400
21	22	400
21	23	400
21	24	400
21	25	400
21	26	400
21	27	400
21	28	400
21	29	400
21	30	400
21	31	400
21	32	400
21	33	400
21	34	400
21	35	400
21	36	400
21	37	400
21	38	400
21	39	400
21	40	400
21	41	400
21	42	400
21	43	400
21	44	400
21	45	400
21	46	400
21	47	400
21	48	400
21	49	400
21	50	400
22	1	400
22	2	400
22	3	400
22	4	400
22	5	400
22	6	400
22	7	400
22	8	400
22	9	400
22	10	400
22	11	400
22	12	400
22	13	400
22	14	400
22	15	400
22	16	400
22	17	400
22	18	400
22	19	400
22	20	400
22	21	400
22	22	400
22	23	400
22	24	400
22	25	400
22	26	400
22	27	400
22	28	400
22	29	400
22	30	400
22	31	400
22	32	400
22	33	400
22	34	400
22	35	400
22	36	400
22	37	400
22	38	400
22	39	400
22	40	400
22	41	400
22	42	400
22	43	400
22	44	400
22	45	400
22	46	400
22	47	400
22	48	400
22	49	400
22	50	400
23	1	400
23	2	400
23	3	400
23	4	400
23	5	400
23	6	400
23	7	400
23	8	400
23	9	400
23	10	400
23	11	400
23	12	400
23	13	400
23	14	400
23	15	400
23	16	400
23	17	400
23	18	400
23	19	400
23	20	400
23	21	400
23	22	400
23	23	400
23	24	400
23	25	400
23	26	400
23	27	400
23	28	400
23	29	400
23	30	400
23	31	400
23	32	400
23	33	400
23	34	400
23	35	400
23	36	400
23	37	400
23	38	400
23	39	400
23	40	400
23	41	400
23	42	400
23	43	400
23	44	400
23	45	400
23	46	400
23	47	400
23	48	400
23	49	400
23	50	400
24	1	400
24	2	400
24	3	400
24	4	400
24	5	400
24	6	400
24	7	400
24	8	400
24	9	400
24	10	400
24	11	400
24	12	400
24	13	400
24	14	400
24	15	400
24	16	400
24	17	400
24	18	400
24	19	400
24	20	400
24	21	400
24	22	400
24	23	400
24	24	400
24	25	400
24	26	400
24	27	400
24	28	400
24	29	400
24	30	400
24	31	400
24	32	400
24	33	400
24	34	400
24	35	400
24	36	400
24	37	400
24	38	400
24	39	400
24	40	400
24	41	400
24	42	400
24	43	400
24	44	400
24	45	400
24	46	400
24	47	400
24	48	400
24	49	400
24	50	400
25	1	400
25	2	400
25	3	400
25	4	400
25	5	400
25	6	400
25	7	400
25	8	400
25	9	400
25	10	400
25	11	400
25	12	400
25	13	400
25	14	400
25	15	400
25	16	400
25	17	400
25	18	400
25	19	400
25	20	400
25	21	400
25	22	400
25	23	400
25	24	400
25	25	400
25	26	400
25	27	400
25	28	400
25	29	400
25	30	400
25	31	400
25	32	400
25	33	400
25	34	400
25	35	400
25	36	400
25	37	400
25	38	400
25	39	400
25	40	400
25	41	400
25	42	400
25	43	400
25	44	400
25	45	400
25	46	400
25	47	400
25	48	400
25	49	400
25	50	400
26	1	400
26	2	400
26	3	400
26	4	400
26	5	400
26	6	400
26	7	400
26	8	400
26	9	400
26	10	400
26	11	400
26	12	400
26	13	400
26	14	400
26	15	400
26	16	400
26	17	400
26	18	400
26	19	400
26	20	400
26	21	400
26	22	400
26	23	400
26	24	400
26	25	400
26	26	400
26	27	400
26	28	400
26	29	400
26	30	400
26	31	400
26	32	400
26	33	400
26	34	400
26	35	400
26	36	400
26	37	400
26	38	400
26	39	400
26	40	400
26	41	400
26	42	400
26	43	400
26	44	400
26	45	400
26	46	400
26	47	400
26	48	400
26	49	400
26	50	400
27	1	400
27	2	400
27	3	400
27	4	400
27	5	400
27	6	400
27	7	400
27	8	400
27	9	400
27	10	400
27	11	400
27	12	400
27	13	400
27	14	400
27	15	400
27	16	400
27	17	400
27	18	400
27	19	400
27	20	400
27	21	400
27	22	400
27	23	400
27	24	400
27	25	400
27	26	400
27	27	400
27	28	400
27	29	400
27	30	400
27	31	400
27	32	400
27	33	400
27	34	400
27	35	400
27	36	400
27	37	400
27	38	400
27	39	400
27	40	400
27	41	400
27	42	400
27	43	400
27	44	400
27	45	400
27	46	400
27	47	400
27	48	400
27	49	400
27	50	400
28	1	400
28	2	400
28	3	400
28	4	400
28	5	400
28	6	400
28	7	400
28	8	400
28	9	400
28	10	400
28	11	400
28	12	400
28	13	400
28	14	400
28	15	400
28	16	400
28	17	400
28	18	400
28	19	400
28	20	400
28	21	400
28	22	400
28	23	400
28	24	400
28	25	400
28	26	400
28	27	400
28	28	400
28	29	400
28	30	400
28	31	400
28	32	400
28	33	400
28	34	400
28	35	400
28	36	400
28	37	400
28	38	400
28	39	400
28	40	400
28	41	400
28	42	400
28	43	400
28	44	400
28	45	400
28	46	400
28	47	400
28	48	400
28	49	400
28	50	400
29	1	400
29	2	400
29	3	400
29	4	400
29	5	400
29	6	400
29	7	400
29	8	400
29	9	400
29	10	400
29	11	400
29	12	400
29	13	400
29	14	400
29	15	400
29	16	400
29	17	400
29	18	400
29	19	400
29	20	400
29	21	400
29	22	400
29	23	400
29	24	400
29	25	400
29	26	400
29	27	400
29	28	400
29	29	400
29	30	400
29	31	400
29	32	400
29	33	400
29	34	400
29	35	400
29	36	400
29	37	400
29	38	400
29	39	400
29	40	400
29	41	400
29	42	400
29	43	400
29	44	400
29	45	400
29	46	400
29	47	400
29	48	400
29	49	400
29	50	400
30	1	400
30	2	400
30	3	400
30	4	400
30	5	400
30	6	400
30	7	400
30	8	400
30	9	400
30	10	400
30	11	400
30	12	400
30	13	400
30	14	400
30	15	400
30	16	400
30	17	400
30	18	400
30	19	400
30	20	400
30	21	400
30	22	400
30	23	400
30	24	400
30	25	400
30	26	400
30	27	400
30	28	400
30	29	400
30	30	400
30	31	400
30	32	400
30	33	400
30	34	400
30	35	400
30	36	400
30	37	400
30	38	400
30	39	400
30	40	400
30	41	400
30	42	400
30	43	400
30	44	400
30	45	400
30	46	400
30	47	400
30	48	400
30	49	400
30	50	400
31	1	400
31	2	400
31	3	400
31	4	400
31	5	400
31	6	400
31	7	400
31	8	400
31	9	400
31	10	400
31	11	400
31	12	400
31	13	400
31	14	400
31	15	400
31	16	400
31	17	400
31	18	400
31	19	400
31	20	400
31	21	400
31	22	400
31	23	400
31	24	400
31	25	400
31	26	400
31	27	400
31	28	400
31	29	400
31	30	400
31	31	400
31	32	400
31	33	400
31	34	400
31	35	400
31	36	400
31	37	400
31	38	400
31	39	400
31	40	400
31	41	400
31	42	400
31	43	400
31	44	400
31	45	400
31	46	400
31	47	400
31	48	400
31	49	400
31	50	400
32	1	400
32	2	400
32	3	400
32	4	400
32	5	400
32	6	400
32	7	400
32	8	400
32	9	400
32	10	400
32	11	400
32	12	400
32	13	400
32	14	400
32	15	400
32	16	400
32	17	400
32	18	400
32	19	400
32	20	400
32	21	400
32	22	400
32	23	400
32	24	400
32	25	400
32	26	400
32	27	400
32	28	400
32	29	400
32	30	400
32	31	400
32	32	400
32	33	400
32	34	400
32	35	400
32	36	400
32	37	400
32	38	400
32	39	400
32	40	400
32	41	400
32	42	400
32	43	400
32	44	400
32	45	400
32	46	400
32	47	400
32	48	400
32	49	400
32	50	400
33	1	400
33	2	400
33	3	400
33	4	400
33	5	400
33	6	400
33	7	400
33	8	400
33	9	400
33	10	400
33	11	400
33	12	400
33	13	400
33	14	400
33	15	400
33	16	400
33	17	400
33	18	400
33	19	400
33	20	400
33	21	400
33	22	400
33	23	400
33	24	400
33	25	400
33	26	400
33	27	400
33	28	400
33	29	400
33	30	400
33	31	400
33	32	400
33	33	400
33	34	400
33	35	400
33	36	400
33	37	400
33	38	400
33	39	400
33	40	400
33	41	400
33	42	400
33	43	400
33	44	400
33	45	400
33	46	400
33	47	400
33	48	400
33	49	400
33	50	400
34	1	400
34	2	400
34	3	400
34	4	400
34	5	400
34	6	400
34	7	400
34	8	400
34	9	400
34	10	400
34	11	400
34	12	400
34	13	400
34	14	400
34	15	400
34	16	400
34	17	400
34	18	400
34	19	400
34	20	400
34	21	400
34	22	400
34	23	400
34	24	400
34	25	400
34	26	400
34	27	400
34	28	400
34	29	400
34	30	400
34	31	400
34	32	400
34	33	400
34	34	400
34	35	400
34	36	400
34	37	400
34	38	400
34	39	400
34	40	400
34	41	400
34	42	400
34	43	400
34	44	400
34	45	400
34	46	400
34	47	400
34	48	400
34	49	400
34	50	400
35	1	400
35	2	400
35	3	400
35	4	400
35	5	400
35	6	400
35	7	400
35	8	400
35	9	400
35	10	400
35	11	400
35	12	400
35	13	400
35	14	400
35	15	400
35	16	400
35	17	400
35	18	400
35	19	400
35	20	400
35	21	400
35	22	400
35	23	400
35	24	400
35	25	400
35	26	400
35	27	400
35	28	400
35	29	400
35	30	400
35	31	400
35	32	400
35	33	400
35	34	400
35	35	400
35	36	400
35	37	400
35	38	400
35	39	400
35	40	400
35	41	400
35	42	400
35	43	400
35	44	400
35	45	400
35	46	400
35	47	400
35	48	400
35	49	400
35	50	400
36	1	400
36	2	400
36	3	400
36	4	400
36	5	400
36	6	400
36	7	400
36	8	400
36	9	400
36	10	400
36	11	400
36	12	400
36	13	400
36	14	400
36	15	400
36	16	400
36	17	400
36	18	400
36	19	400
36	20	400
36	21	400
36	22	400
36	23	400
36	24	400
36	25	400
36	26	400
36	27	400
36	28	400
36	29	400
36	30	400
36	31	400
36	32	400
36	33	400
36	34	400
36	35	400
36	36	400
36	37	400
36	38	400
36	39	400
36	40	400
36	41	400
36	42	400
36	43	400
36	44	400
36	45	400
36	46	400
36	47	400
36	48	400
36	49	400
36	50	400
37	1	400
37	2	400
37	3	400
37	4	400
37	5	400
37	6	400
37	7	400
37	8	400
37	9	400
37	10	400
37	11	400
37	12	400
37	13	400
37	14	400
37	15	400
37	16	400
37	17	400
37	18	400
37	19	400
37	20	400
37	21	400
37	22	400
37	23	400
37	24	400
37	25	400
37	26	400
37	27	400
37	28	400
37	29	400
37	30	400
37	31	400
37	32	400
37	33	400
37	34	400
37	35	400
37	36	400
37	37	400
37	38	400
37	39	400
37	40	400
37	41	400
37	42	400
37	43	400
37	44	400
37	45	400
37	46	400
37	47	400
37	48	400
37	49	400
37	50	400
38	1	400
38	2	400
38	3	400
38	4	400
38	5	400
38	6	400
38	7	400
38	8	400
38	9	400
38	10	400
38	11	400
38	12	400
38	13	400
38	14	400
38	15	400
38	16	400
38	17	400
38	18	400
38	19	400
38	20	400
38	21	400
38	22	400
38	23	400
38	24	400
38	25	400
38	26	400
38	27	400
38	28	400
38	29	400
38	30	400
38	31	400
38	32	400
38	33	400
38	34	400
38	35	400
38	36	400
38	37	400
38	38	400
38	39	400
38	40	400
38	41	400
38	42	400
38	43	400
38	44	400
38	45	400
38	46	400
38	47	400
38	48	400
38	49	400
38	50	400
39	1	400
39	2	400
39	3	400
39	4	400
39	5	400
39	6	400
39	7	400
39	8	400
39	9	400
39	10	400
39	11	400
39	12	400
39	13	400
39	14	400
39	15	400
39	16	400
39	17	400
39	18	400
39	19	400
39	20	400
39	21	400
39	22	400
39	23	400
39	24	400
39	25	400
39	26	400
39	27	400
39	28	400
39	29	400
39	30	400
39	31	400
39	32	400
39	33	400
39	34	400
39	35	400
39	36	400
39	37	400
39	38	400
39	39	400
39	40	400
39	41	400
39	42	400
39	43	400
39	44	400
39	45	400
39	46	400
39	47	400
39	48	400
39	49	400
39	50	400
40	1	400
40	2	400
40	3	400
40	4	400
40	5	400
40	6	400
40	7	400
40	8	400
40	9	400
40	10	400
40	11	400
40	12	400
40	13	400
40	14	400
40	15	400
40	16	400
40	17	400
40	18	400
40	19	400
40	20	400
40	21	400
40	22	400
40	23	400
40	24	400
40	25	400
40	26	400
40	27	400
40	28	400
40	29	400
40	30	400
40	31	400
40	32	400
40	33	400
40	34	400
40	35	400
40	36	400
40	37	400
40	38	400
40	39	400
40	40	400
40	41	400
40	42	400
40	43	400
40	44	400
40	45	400
40	46	400
40	47	400
40	48	400
40	49	400
40	50	400
41	1	400
41	2	400
41	3	400
41	4	400
41	5	400
41	6	400
41	7	400
41	8	400
41	9	400
41	10	400
41	11	400
41	12	400
41	13	400
41	14	400
41	15	400
41	16	400
41	17	400
41	18	400
41	19	400
41	20	400
41	21	400
41	22	400
41	23	400
41	24	400
41	25	400
41	26	400
41	27	400
41	28	400
41	29	400
41	30	400
41	31	400
41	32	400
41	33	400
41	34	400
41	35	400
41	36	400
41	37	400
41	38	400
41	39	400
41	40	400
41	41	400
41	42	400
41	43	400
41	44	400
41	45	400
41	46	400
41	47	400
41	48	400
41	49	400
41	50	400
42	1	400
42	2	400
42	3	400
42	4	400
42	5	400
42	6	400
42	7	400
42	8	400
42	9	400
42	10	400
42	11	400
42	12	400
42	13	400
42	14	400
42	15	400
42	16	400
42	17	400
42	18	400
42	19	400
42	20	400
42	21	400
42	22	400
42	23	400
42	24	400
42	25	400
42	26	400
42	27	400
42	28	400
42	29	400
42	30	400
42	31	400
42	32	400
42	33	400
42	34	400
42	35	400
42	36	400
42	37	400
42	38	400
42	39	400
42	40	400
42	41	400
42	42	400
42	43	400
42	44	400
42	45	400
42	46	400
42	47	400
42	48	400
42	49	400
42	50	400
43	1	400
43	2	400
43	3	400
43	4	400
43	5	400
43	6	400
43	7	400
43	8	400
43	9	400
43	10	400
43	11	400
43	12	400
43	13	400
43	14	400
43	15	400
43	16	400
43	17	400
43	18	400
43	19	400
43	20	400
43	21	400
43	22	400
43	23	400
43	24	400
43	25	400
43	26	400
43	27	400
43	28	400
43	29	400
43	30	400
43	31	400
43	32	400
43	33	400
43	34	400
43	35	400
43	36	400
43	37	400
43	38	400
43	39	400
43	40	400
43	41	400
43	42	400
43	43	400
43	44	400
43	45	400
43	46	400
43	47	400
43	48	400
43	49	400
43	50	400
44	1	400
44	2	400
44	3	400
44	4	400
44	5	400
44	6	400
44	7	400
44	8	400
44	9	400
44	10	400
44	11	400
44	12	400
44	13	400
44	14	400
44	15	400
44	16	400
44	17	400
44	18	400
44	19	400
44	20	400
44	21	400
44	22	400
44	23	400
44	24	400
44	25	400
44	26	400
44	27	400
44	28	400
44	29	400
44	30	400
44	31	400
44	32	400
44	33	400
44	34	400
44	35	400
44	36	400
44	37	400
44	38	400
44	39	400
44	40	400
44	41	400
44	42	400
44	43	400
44	44	400
44	45	400
44	46	400
44	47	400
44	48	400
44	49	400
44	50	400
45	1	400
45	2	400
45	3	400
45	4	400
45	5	400
45	6	400
45	7	400
45	8	400
45	9	400
45	10	400
45	11	400
45	12	400
45	13	400
45	14	400
45	15	400
45	16	400
45	17	400
45	18	400
45	19	400
45	20	400
45	21	400
45	22	400
45	23	400
45	24	400
45	25	400
45	26	400
45	27	400
45	28	400
45	29	400
45	30	400
45	31	400
45	32	400
45	33	400
45	34	400
45	35	400
45	36	400
45	37	400
45	38	400
45	39	400
45	40	400
45	41	400
45	42	400
45	43	400
45	44	400
45	45	400
45	46	400
45	47	400
45	48	400
45	49	400
45	50	400
46	1	400
46	2	400
46	3	400
46	4	400
46	5	400
46	6	400
46	7	400
46	8	400
46	9	400
46	10	400
46	11	400
46	12	400
46	13	400
46	14	400
46	15	400
46	16	400
46	17	400
46	18	400
46	19	400
46	20	400
46	21	400
46	22	400
46	23	400
46	24	400
46	25	400
46	26	400
46	27	400
46	28	400
46	29	400
46	30	400
46	31	400
46	32	400
46	33	400
46	34	400
46	35	400
46	36	400
46	37	400
46	38	400
46	39	400
46	40	400
46	41	400
46	42	400
46	43	400
46	44	400
46	45	400
46	46	400
46	47	400
46	48	400
46	49	400
46	50	400
47	1	400
47	2	400
47	3	400
47	4	400
47	5	400
47	6	400
47	7	400
47	8	400
47	9	400
47	10	400
47	11	400
47	12	400
47	13	400
47	14	400
47	15	400
47	16	400
47	17	400
47	18	400
47	19	400
47	20	400
47	21	400
47	22	400
47	23	400
47	24	400
47	25	400
47	26	400
47	27	400
47	28	400
47	29	400
47	30	400
47	31	400
47	32	400
47	33	400
47	34	400
47	35	400
47	36	400
47	37	400
47	38	400
47	39	400
47	40	400
47	41	400
47	42	400
47	43	400
47	44	400
47	45	400
47	46	400
47	47	400
47	48	400
47	49	400
47	50	400
48	1	400
48	2	400
48	3	400
48	4	400
48	5	400
48	6	400
48	7	400
48	8	400
48	9	400
48	10	400
48	11	400
48	12	400
48	13	400
48	14	400
48	15	400
48	16	400
48	17	400
48	18	400
48	19	400
48	20	400
48	21	400
48	22	400
48	23	400
48	24	400
48	25	400
48	26	400
48	27	400
48	28	400
48	29	400
48	30	400
48	31	400
48	32	400
48	33	400
48	34	400
48	35	400
48	36	400
48	37	400
48	38	400
48	39	400
48	40	400
48	41	400
48	42	400
48	43	400
48	44	400
48	45	400
48	46	400
48	47	400
48	48	400
48	49	400
48	50	400
49	1	400
49	2	400
49	3	400
49	4	400
49	5	400
49	6	400
49	7	400
49	8	400
49	9	400
49	10	400
49	11	400
49	12	400
49	13	400
49	14	400
49	15	400
49	16	400
49	17	400
49	18	400
49	19	400
49	20	400
49	21	400
49	22	400
49	23	400
49	24	400
49	25	400
49	26	400
49	27	400
49	28	400
49	29	400
49	30	400
49	31	400
49	32	400
49	33	400
49	34	400
49	35	400
49	36	400
49	37	400
49	38	400
49	39	400
49	40	400
49	41	400
49	42	400
49	43	400
49	44	400
49	45	400
49	46	400
49	47	400
49	48	400
49	49	400
49	50	400
50	1	400
50	2	400
50	3	400
50	4	400
50	5	400
50	6	400
50	7	400
50	8	400
50	9	400
50	10	400
50	11	400
50	12	400
50	13	400
50	14	400
50	15	400
50	16	400
50	17	400
50	18	400
50	19	400
50	20	400
50	21	400
50	22	400
50	23	400
50	24	400
50	25	400
50	26	400
50	27	400
50	28	400
50	29	400
50	30	400
50	31	400
50	32	400
50	33	400
50	34	400
50	35	400
50	36	400
50	37	400
50	38	400
50	39	400
50	40	400
50	41	400
50	42	400
50	43	400
50	44	400
50	45	400
50	46	400
50	47	400
50	48	400
50	49	400
50	50	400
51	1	400
51	2	400
51	3	400
51	4	400
51	5	400
51	6	400
51	7	400
51	8	400
51	9	400
51	10	400
51	11	400
51	12	400
51	13	400
51	14	400
51	15	400
51	16	400
51	17	400
51	18	400
51	19	400
51	20	400
51	21	400
51	22	400
51	23	400
51	24	400
51	25	400
51	26	400
51	27	400
51	28	400
51	29	400
51	30	400
51	31	400
51	32	400
51	33	400
51	34	400
51	35	400
51	36	400
51	37	400
51	38	400
51	39	400
51	40	400
51	41	400
51	42	400
51	43	400
51	44	400
51	45	400
51	46	400
51	47	400
51	48	400
51	49	400
51	50	400
52	1	400
52	2	400
52	3	400
52	4	400
52	5	400
52	6	400
52	7	400
52	8	400
52	9	400
52	10	400
52	11	400
52	12	400
52	13	400
52	14	400
52	15	400
52	16	400
52	17	400
52	18	400
52	19	400
52	20	400
52	21	400
52	22	400
52	23	400
52	24	400
52	25	400
52	26	400
52	27	400
52	28	400
52	29	400
52	30	400
52	31	400
52	32	400
52	33	400
52	34	400
52	35	400
52	36	400
52	37	400
52	38	400
52	39	400
52	40	400
52	41	400
52	42	400
52	43	400
52	44	400
52	45	400
52	46	400
52	47	400
52	48	400
52	49	400
52	50	400
53	1	400
53	2	400
53	3	400
53	4	400
53	5	400
53	6	400
53	7	400
53	8	400
53	9	400
53	10	400
53	11	400
53	12	400
53	13	400
53	14	400
53	15	400
53	16	400
53	17	400
53	18	400
53	19	400
53	20	400
53	21	400
53	22	400
53	23	400
53	24	400
53	25	400
53	26	400
53	27	400
53	28	400
53	29	400
53	30	400
53	31	400
53	32	400
53	33	400
53	34	400
53	35	400
53	36	400
53	37	400
53	38	400
53	39	400
53	40	400
53	41	400
53	42	400
53	43	400
53	44	400
53	45	400
53	46	400
53	47	400
53	48	400
53	49	400
53	50	400
54	1	400
54	2	400
54	3	400
54	4	400
54	5	400
54	6	400
54	7	400
54	8	400
54	9	400
54	10	400
54	11	400
54	12	400
54	13	400
54	14	400
54	15	400
54	16	400
54	17	400
54	18	400
54	19	400
54	20	400
54	21	400
54	22	400
54	23	400
54	24	400
54	25	400
54	26	400
54	27	400
54	28	400
54	29	400
54	30	400
54	31	400
54	32	400
54	33	400
54	34	400
54	35	400
54	36	400
54	37	400
54	38	400
54	39	400
54	40	400
54	41	400
54	42	400
54	43	400
54	44	400
54	45	400
54	46	400
54	47	400
54	48	400
54	49	400
54	50	400
55	1	400
55	2	400
55	3	400
55	4	400
55	5	400
55	6	400
55	7	400
55	8	400
55	9	400
55	10	400
55	11	400
55	12	400
55	13	400
55	14	400
55	15	400
55	16	400
55	17	400
55	18	400
55	19	400
55	20	400
55	21	400
55	22	400
55	23	400
55	24	400
55	25	400
55	26	400
55	27	400
55	28	400
55	29	400
55	30	400
55	31	400
55	32	400
55	33	400
55	34	400
55	35	400
55	36	400
55	37	400
55	38	400
55	39	400
55	40	400
55	41	400
55	42	400
55	43	400
55	44	400
55	45	400
55	46	400
55	47	400
55	48	400
55	49	400
55	50	400
56	1	400
56	2	400
56	3	400
56	4	400
56	5	400
56	6	400
56	7	400
56	8	400
56	9	400
56	10	400
56	11	400
56	12	400
56	13	400
56	14	400
56	15	400
56	16	400
56	17	400
56	18	400
56	19	400
56	20	400
56	21	400
56	22	400
56	23	400
56	24	400
56	25	400
56	26	400
56	27	400
56	28	400
56	29	400
56	30	400
56	31	400
56	32	400
56	33	400
56	34	400
56	35	400
56	36	400
56	37	400
56	38	400
56	39	400
56	40	400
56	41	400
56	42	400
56	43	400
56	44	400
56	45	400
56	46	400
56	47	400
56	48	400
56	49	400
56	50	400
57	1	400
57	2	400
57	3	400
57	4	400
57	5	400
57	6	400
57	7	400
57	8	400
57	9	400
57	10	400
57	11	400
57	12	400
57	13	400
57	14	400
57	15	400
57	16	400
57	17	400
57	18	400
57	19	400
57	20	400
57	21	400
57	22	400
57	23	400
57	24	400
57	25	400
57	26	400
57	27	400
57	28	400
57	29	400
57	30	400
57	31	400
57	32	400
57	33	400
57	34	400
57	35	400
57	36	400
57	37	400
57	38	400
57	39	400
57	40	400
57	41	400
57	42	400
57	43	400
57	44	400
57	45	400
57	46	400
57	47	400
57	48	400
57	49	400
57	50	400
58	1	400
58	2	400
58	3	400
58	4	400
58	5	400
58	6	400
58	7	400
58	8	400
58	9	400
58	10	400
58	11	400
58	12	400
58	13	400
58	14	400
58	15	400
58	16	400
58	17	400
58	18	400
58	19	400
58	20	400
58	21	400
58	22	400
58	23	400
58	24	400
58	25	400
58	26	400
58	27	400
58	28	400
58	29	400
58	30	400
58	31	400
58	32	400
58	33	400
58	34	400
58	35	400
58	36	400
58	37	400
58	38	400
58	39	400
58	40	400
58	41	400
58	42	400
58	43	400
58	44	400
58	45	400
58	46	400
58	47	400
58	48	400
58	49	400
58	50	400
59	1	400
59	2	400
59	3	400
59	4	400
59	5	400
59	6	400
59	7	400
59	8	400
59	9	400
59	10	400
59	11	400
59	12	400
59	13	400
59	14	400
59	15	400
59	16	400
59	17	400
59	18	400
59	19	400
59	20	400
59	21	400
59	22	400
59	23	400
59	24	400
59	25	400
59	26	400
59	27	400
59	28	400
59	29	400
59	30	400
59	31	400
59	32	400
59	33	400
59	34	400
59	35	400
59	36	400
59	37	400
59	38	400
59	39	400
59	40	400
59	41	400
59	42	400
59	43	400
59	44	400
59	45	400
59	46	400
59	47	400
59	48	400
59	49	400
59	50	400
60	1	400
60	2	400
60	3	400
60	4	400
60	5	400
60	6	400
60	7	400
60	8	400
60	9	400
60	10	400
60	11	400
60	12	400
60	13	400
60	14	400
60	15	400
60	16	400
60	17	400
60	18	400
60	19	400
60	20	400
60	21	400
60	22	400
60	23	400
60	24	400
60	25	400
60	26	400
60	27	400
60	28	400
60	29	400
60	30	400
60	31	400
60	32	400
60	33	400
60	34	400
60	35	400
60	36	400
60	37	400
60	38	400
60	39	400
60	40	400
60	41	400
60	42	400
60	43	400
60	44	400
60	45	400
60	46	400
60	47	400
60	48	400
60	49	400
60	50	400
61	1	400
61	2	400
61	3	400
61	4	400
61	5	400
61	6	400
61	7	400
61	8	400
61	9	400
61	10	400
61	11	400
61	12	400
61	13	400
61	14	400
61	15	400
61	16	400
61	17	400
61	18	400
61	19	400
61	20	400
61	21	400
61	22	400
61	23	400
61	24	400
61	25	400
61	26	400
61	27	400
61	28	400
61	29	400
61	30	400
61	31	400
61	32	400
61	33	400
61	34	400
61	35	400
61	36	400
61	37	400
61	38	400
61	39	400
61	40	400
61	41	400
61	42	400
61	43	400
61	44	400
61	45	400
61	46	400
61	47	400
61	48	400
61	49	400
61	50	400
62	1	400
62	2	400
62	3	400
62	4	400
62	5	400
62	6	400
62	7	400
62	8	400
62	9	400
62	10	400
62	11	400
62	12	400
62	13	400
62	14	400
62	15	400
62	16	400
62	17	400
62	18	400
62	19	400
62	20	400
62	21	400
62	22	400
62	23	400
62	24	400
62	25	400
62	26	400
62	27	400
62	28	400
62	29	400
62	30	400
62	31	400
62	32	400
62	33	400
62	34	400
62	35	400
62	36	400
62	37	400
62	38	400
62	39	400
62	40	400
62	41	400
62	42	400
62	43	400
62	44	400
62	45	400
62	46	400
62	47	400
62	48	400
62	49	400
62	50	400
63	1	400
63	2	400
63	3	400
63	4	400
63	5	400
63	6	400
63	7	400
63	8	400
63	9	400
63	10	400
63	11	400
63	12	400
63	13	400
63	14	400
63	15	400
63	16	400
63	17	400
63	18	400
63	19	400
63	20	400
63	21	400
63	22	400
63	23	400
63	24	400
63	25	400
63	26	400
63	27	400
63	28	400
63	29	400
63	30	400
63	31	400
63	32	400
63	33	400
63	34	400
63	35	400
63	36	400
63	37	400
63	38	400
63	39	400
63	40	400
63	41	400
63	42	400
63	43	400
63	44	400
63	45	400
63	46	400
63	47	400
63	48	400
63	49	400
63	50	400
64	1	400
64	2	400
64	3	400
64	4	400
64	5	400
64	6	400
64	7	400
64	8	400
64	9	400
64	10	400
64	11	400
64	12	400
64	13	400
64	14	400
64	15	400
64	16	400
64	17	400
64	18	400
64	19	400
64	20	400
64	21	400
64	22	400
64	23	400
64	24	400
64	25	400
64	26	400
64	27	400
64	28	400
64	29	400
64	30	400
64	31	400
64	32	400
64	33	400
64	34	400
64	35	400
64	36	400
64	37	400
64	38	400
64	39	400
64	40	400
64	41	400
64	42	400
64	43	400
64	44	400
64	45	400
64	46	400
64	47	400
64	48	400
64	49	400
64	50	400
65	1	400
65	2	400
65	3	400
65	4	400
65	5	400
65	6	400
65	7	400
65	8	400
65	9	400
65	10	400
65	11	400
65	12	400
65	13	400
65	14	400
65	15	400
65	16	400
65	17	400
65	18	400
65	19	400
65	20	400
65	21	400
65	22	400
65	23	400
65	24	400
65	25	400
65	26	400
65	27	400
65	28	400
65	29	400
65	30	400
65	31	400
65	32	400
65	33	400
65	34	400
65	35	400
65	36	400
65	37	400
65	38	400
65	39	400
65	40	400
65	41	400
65	42	400
65	43	400
65	44	400
65	45	400
65	46	400
65	47	400
65	48	400
65	49	400
65	50	400
66	1	400
66	2	400
66	3	400
66	4	400
66	5	400
66	6	400
66	7	400
66	8	400
66	9	400
66	10	400
66	11	400
66	12	400
66	13	400
66	14	400
66	15	400
66	16	400
66	17	400
66	18	400
66	19	400
66	20	400
66	21	400
66	22	400
66	23	400
66	24	400
66	25	400
66	26	400
66	27	400
66	28	400
66	29	400
66	30	400
66	31	400
66	32	400
66	33	400
66	34	400
66	35	400
66	36	400
66	37	400
66	38	400
66	39	400
66	40	400
66	41	400
66	42	400
66	43	400
66	44	400
66	45	400
66	46	400
66	47	400
66	48	400
66	49	400
66	50	400
67	1	400
67	2	400
67	3	400
67	4	400
67	5	400
67	6	400
67	7	400
67	8	400
67	9	400
67	10	400
67	11	400
67	12	400
67	13	400
67	14	400
67	15	400
67	16	400
67	17	400
67	18	400
67	19	400
67	20	400
67	21	400
67	22	400
67	23	400
67	24	400
67	25	400
67	26	400
67	27	400
67	28	400
67	29	400
67	30	400
67	31	400
67	32	400
67	33	400
67	34	400
67	35	400
67	36	400
67	37	400
67	38	400
67	39	400
67	40	400
67	41	400
67	42	400
67	43	400
67	44	400
67	45	400
67	46	400
67	47	400
67	48	400
67	49	400
67	50	400
68	1	400
68	2	400
68	3	400
68	4	400
68	5	400
68	6	400
68	7	400
68	8	400
68	9	400
68	10	400
68	11	400
68	12	400
68	13	400
68	14	400
68	15	400
68	16	400
68	17	400
68	18	400
68	19	400
68	20	400
68	21	400
68	22	400
68	23	400
68	24	400
68	25	400
68	26	400
68	27	400
68	28	400
68	29	400
68	30	400
68	31	400
68	32	400
68	33	400
68	34	400
68	35	400
68	36	400
68	37	400
68	38	400
68	39	400
68	40	400
68	41	400
68	42	400
68	43	400
68	44	400
68	45	400
68	46	400
68	47	400
68	48	400
68	49	400
68	50	400
69	1	400
69	2	400
69	3	400
69	4	400
69	5	400
69	6	400
69	7	400
69	8	400
69	9	400
69	10	400
69	11	400
69	12	400
69	13	400
69	14	400
69	15	400
69	16	400
69	17	400
69	18	400
69	19	400
69	20	400
69	21	400
69	22	400
69	23	400
69	24	400
69	25	400
69	26	400
69	27	400
69	28	400
69	29	400
69	30	400
69	31	400
69	32	400
69	33	400
69	34	400
69	35	400
69	36	400
69	37	400
69	38	400
69	39	400
69	40	400
69	41	400
69	42	400
69	43	400
69	44	400
69	45	400
69	46	400
69	47	400
69	48	400
69	49	400
69	50	400
70	1	400
70	2	400
70	3	400
70	4	400
70	5	400
70	6	400
70	7	400
70	8	400
70	9	400
70	10	400
70	11	400
70	12	400
70	13	400
70	14	400
70	15	400
70	16	400
70	17	400
70	18	400
70	19	400
70	20	400
70	21	400
70	22	400
70	23	400
70	24	400
70	25	400
70	26	400
70	27	400
70	28	400
70	29	400
70	30	400
70	31	400
70	32	400
70	33	400
70	34	400
70	35	400
70	36	400
70	37	400
70	38	400
70	39	400
70	40	400
70	41	400
70	42	400
70	43	400
70	44	400
70	45	400
70	46	400
70	47	400
70	48	400
70	49	400
70	50	400
71	1	400
71	2	400
71	3	400
71	4	400
71	5	400
71	6	400
71	7	400
71	8	400
71	9	400
71	10	400
71	11	400
71	12	400
71	13	400
71	14	400
71	15	400
71	16	400
71	17	400
71	18	400
71	19	400
71	20	400
71	21	400
71	22	400
71	23	400
71	24	400
71	25	400
71	26	400
71	27	400
71	28	400
71	29	400
71	30	400
71	31	400
71	32	400
71	33	400
71	34	400
71	35	400
71	36	400
71	37	400
71	38	400
71	39	400
71	40	400
71	41	400
71	42	400
71	43	400
71	44	400
71	45	400
71	46	400
71	47	400
71	48	400
71	49	400
71	50	400
72	1	400
72	2	400
72	3	400
72	4	400
72	5	400
72	6	400
72	7	400
72	8	400
72	9	400
72	10	400
72	11	400
72	12	400
72	13	400
72	14	400
72	15	400
72	16	400
72	17	400
72	18	400
72	19	400
72	20	400
72	21	400
72	22	400
72	23	400
72	24	400
72	25	400
72	26	400
72	27	400
72	28	400
72	29	400
72	30	400
72	31	400
72	32	400
72	33	400
72	34	400
72	35	400
72	36	400
72	37	400
72	38	400
72	39	400
72	40	400
72	41	400
72	42	400
72	43	400
72	44	400
72	45	400
72	46	400
72	47	400
72	48	400
72	49	400
72	50	400
73	1	400
73	2	400
73	3	400
73	4	400
73	5	400
73	6	400
73	7	400
73	8	400
73	9	400
73	10	400
73	11	400
73	12	400
73	13	400
73	14	400
73	15	400
73	16	400
73	17	400
73	18	400
73	19	400
73	20	400
73	21	400
73	22	400
73	23	400
73	24	400
73	25	400
73	26	400
73	27	400
73	28	400
73	29	400
73	30	400
73	31	400
73	32	400
73	33	400
73	34	400
73	35	400
73	36	400
73	37	400
73	38	400
73	39	400
73	40	400
73	41	400
73	42	400
73	43	400
73	44	400
73	45	400
73	46	400
73	47	400
73	48	400
73	49	400
73	50	400
74	1	400
74	2	400
74	3	400
74	4	400
74	5	400
74	6	400
74	7	400
74	8	400
74	9	400
74	10	400
74	11	400
74	12	400
74	13	400
74	14	400
74	15	400
74	16	400
74	17	400
74	18	400
74	19	400
74	20	400
74	21	400
74	22	400
74	23	400
74	24	400
74	25	400
74	26	400
74	27	400
74	28	400
74	29	400
74	30	400
74	31	400
74	32	400
74	33	400
74	34	400
74	35	400
74	36	400
74	37	400
74	38	400
74	39	400
74	40	400
74	41	400
74	42	400
74	43	400
74	44	400
74	45	400
74	46	400
74	47	400
74	48	400
74	49	400
74	50	400
75	1	400
75	2	400
75	3	400
75	4	400
75	5	400
75	6	400
75	7	400
75	8	400
75	9	400
75	10	400
75	11	400
75	12	400
75	13	400
75	14	400
75	15	400
75	16	400
75	17	400
75	18	400
75	19	400
75	20	400
75	21	400
75	22	400
75	23	400
75	24	400
75	25	400
75	26	400
75	27	400
75	28	400
75	29	400
75	30	400
75	31	400
75	32	400
75	33	400
75	34	400
75	35	400
75	36	400
75	37	400
75	38	400
75	39	400
75	40	400
75	41	400
75	42	400
75	43	400
75	44	400
75	45	400
75	46	400
75	47	400
75	48	400
75	49	400
75	50	400
76	1	400
76	2	400
76	3	400
76	4	400
76	5	400
76	6	400
76	7	400
76	8	400
76	9	400
76	10	400
76	11	400
76	12	400
76	13	400
76	14	400
76	15	400
76	16	400
76	17	400
76	18	400
76	19	400
76	20	400
76	21	400
76	22	400
76	23	400
76	24	400
76	25	400
76	26	400
76	27	400
76	28	400
76	29	400
76	30	400
76	31	400
76	32	400
76	33	400
76	34	400
76	35	400
76	36	400
76	37	400
76	38	400
76	39	400
76	40	400
76	41	400
76	42	400
76	43	400
76	44	400
76	45	400
76	46	400
76	47	400
76	48	400
76	49	400
76	50	400
77	1	400
77	2	400
77	3	400
77	4	400
77	5	400
77	6	400
77	7	400
77	8	400
77	9	400
77	10	400
77	11	400
77	12	400
77	13	400
77	14	400
77	15	400
77	16	400
77	17	400
77	18	400
77	19	400
77	20	400
77	21	400
77	22	400
77	23	400
77	24	400
77	25	400
77	26	400
77	27	400
77	28	400
77	29	400
77	30	400
77	31	400
77	32	400
77	33	400
77	34	400
77	35	400
77	36	400
77	37	400
77	38	400
77	39	400
77	40	400
77	41	400
77	42	400
77	43	400
77	44	400
77	45	400
77	46	400
77	47	400
77	48	400
77	49	400
77	50	400
78	1	400
78	2	400
78	3	400
78	4	400
78	5	400
78	6	400
78	7	400
78	8	400
78	9	400
78	10	400
78	11	400
78	12	400
78	13	400
78	14	400
78	15	400
78	16	400
78	17	400
78	18	400
78	19	400
78	20	400
78	21	400
78	22	400
78	23	400
78	24	400
78	25	400
78	26	400
78	27	400
78	28	400
78	29	400
78	30	400
78	31	400
78	32	400
78	33	400
78	34	400
78	35	400
78	36	400
78	37	400
78	38	400
78	39	400
78	40	400
78	41	400
78	42	400
78	43	400
78	44	400
78	45	400
78	46	400
78	47	400
78	48	400
78	49	400
78	50	400
79	1	400
79	2	400
79	3	400
79	4	400
79	5	400
79	6	400
79	7	400
79	8	400
79	9	400
79	10	400
79	11	400
79	12	400
79	13	400
79	14	400
79	15	400
79	16	400
79	17	400
79	18	400
79	19	400
79	20	400
79	21	400
79	22	400
79	23	400
79	24	400
79	25	400
79	26	400
79	27	400
79	28	400
79	29	400
79	30	400
79	31	400
79	32	400
79	33	400
79	34	400
79	35	400
79	36	400
79	37	400
79	38	400
79	39	400
79	40	400
79	41	400
79	42	400
79	43	400
79	44	400
79	45	400
79	46	400
79	47	400
79	48	400
79	49	400
79	50	400
80	1	400
80	2	400
80	3	400
80	4	400
80	5	400
80	6	400
80	7	400
80	8	400
80	9	400
80	10	400
80	11	400
80	12	400
80	13	400
80	14	400
80	15	400
80	16	400
80	17	400
80	18	400
80	19	400
80	20	400
80	21	400
80	22	400
80	23	400
80	24	400
80	25	400
80	26	400
80	27	400
80	28	400
80	29	400
80	30	400
80	31	400
80	32	400
80	33	400
80	34	400
80	35	400
80	36	400
80	37	400
80	38	400
80	39	400
80	40	400
80	41	400
80	42	400
80	43	400
80	44	400
80	45	400
80	46	400
80	47	400
80	48	400
80	49	400
80	50	400
81	1	400
81	2	400
81	3	400
81	4	400
81	5	400
81	6	400
81	7	400
81	8	400
81	9	400
81	10	400
81	11	400
81	12	400
81	13	400
81	14	400
81	15	400
81	16	400
81	17	400
81	18	400
81	19	400
81	20	400
81	21	400
81	22	400
81	23	400
81	24	400
81	25	400
81	26	400
81	27	400
81	28	400
81	29	400
81	30	400
81	31	400
81	32	400
81	33	400
81	34	400
81	35	400
81	36	400
81	37	400
81	38	400
81	39	400
81	40	400
81	41	400
81	42	400
81	43	400
81	44	400
81	45	400
81	46	400
81	47	400
81	48	400
81	49	400
81	50	400
82	1	400
82	2	400
82	3	400
82	4	400
82	5	400
82	6	400
82	7	400
82	8	400
82	9	400
82	10	400
82	11	400
82	12	400
82	13	400
82	14	400
82	15	400
82	16	400
82	17	400
82	18	400
82	19	400
82	20	400
82	21	400
82	22	400
82	23	400
82	24	400
82	25	400
82	26	400
82	27	400
82	28	400
82	29	400
82	30	400
82	31	400
82	32	400
82	33	400
82	34	400
82	35	400
82	36	400
82	37	400
82	38	400
82	39	400
82	40	400
82	41	400
82	42	400
82	43	400
82	44	400
82	45	400
82	46	400
82	47	400
82	48	400
82	49	400
82	50	400
83	1	400
83	2	400
83	3	400
83	4	400
83	5	400
83	6	400
83	7	400
83	8	400
83	9	400
83	10	400
83	11	400
83	12	400
83	13	400
83	14	400
83	15	400
83	16	400
83	17	400
83	18	400
83	19	400
83	20	400
83	21	400
83	22	400
83	23	400
83	24	400
83	25	400
83	26	400
83	27	400
83	28	400
83	29	400
83	30	400
83	31	400
83	32	400
83	33	400
83	34	400
83	35	400
83	36	400
83	37	400
83	38	400
83	39	400
83	40	400
83	41	400
83	42	400
83	43	400
83	44	400
83	45	400
83	46	400
83	47	400
83	48	400
83	49	400
83	50	400
84	1	400
84	2	400
84	3	400
84	4	400
84	5	400
84	6	400
84	7	400
84	8	400
84	9	400
84	10	400
84	11	400
84	12	400
84	13	400
84	14	400
84	15	400
84	16	400
84	17	400
84	18	400
84	19	400
84	20	400
84	21	400
84	22	400
84	23	400
84	24	400
84	25	400
84	26	400
84	27	400
84	28	400
84	29	400
84	30	400
84	31	400
84	32	400
84	33	400
84	34	400
84	35	400
84	36	400
84	37	400
84	38	400
84	39	400
84	40	400
84	41	400
84	42	400
84	43	400
84	44	400
84	45	400
84	46	400
84	47	400
84	48	400
84	49	400
84	50	400
85	1	400
85	2	400
85	3	400
85	4	400
85	5	400
85	6	400
85	7	400
85	8	400
85	9	400
85	10	400
85	11	400
85	12	400
85	13	400
85	14	400
85	15	400
85	16	400
85	17	400
85	18	400
85	19	400
85	20	400
85	21	400
85	22	400
85	23	400
85	24	400
85	25	400
85	26	400
85	27	400
85	28	400
85	29	400
85	30	400
85	31	400
85	32	400
85	33	400
85	34	400
85	35	400
85	36	400
85	37	400
85	38	400
85	39	400
85	40	400
85	41	400
85	42	400
85	43	400
85	44	400
85	45	400
85	46	400
85	47	400
85	48	400
85	49	400
85	50	400
86	1	400
86	2	400
86	3	400
86	4	400
86	5	400
86	6	400
86	7	400
86	8	400
86	9	400
86	10	400
86	11	400
86	12	400
86	13	400
86	14	400
86	15	400
86	16	400
86	17	400
86	18	400
86	19	400
86	20	400
86	21	400
86	22	400
86	23	400
86	24	400
86	25	400
86	26	400
86	27	400
86	28	400
86	29	400
86	30	400
86	31	400
86	32	400
86	33	400
86	34	400
86	35	400
86	36	400
86	37	400
86	38	400
86	39	400
86	40	400
86	41	400
86	42	400
86	43	400
86	44	400
86	45	400
86	46	400
86	47	400
86	48	400
86	49	400
86	50	400
87	1	400
87	2	400
87	3	400
87	4	400
87	5	400
87	6	400
87	7	400
87	8	400
87	9	400
87	10	400
87	11	400
87	12	400
87	13	400
87	14	400
87	15	400
87	16	400
87	17	400
87	18	400
87	19	400
87	20	400
87	21	400
87	22	400
87	23	400
87	24	400
87	25	400
87	26	400
87	27	400
87	28	400
87	29	400
87	30	400
87	31	400
87	32	400
87	33	400
87	34	400
87	35	400
87	36	400
87	37	400
87	38	400
87	39	400
87	40	400
87	41	400
87	42	400
87	43	400
87	44	400
87	45	400
87	46	400
87	47	400
87	48	400
87	49	400
87	50	400
88	1	400
88	2	400
88	3	400
88	4	400
88	5	400
88	6	400
88	7	400
88	8	400
88	9	400
88	10	400
88	11	400
88	12	400
88	13	400
88	14	400
88	15	400
88	16	400
88	17	400
88	18	400
88	19	400
88	20	400
88	21	400
88	22	400
88	23	400
88	24	400
88	25	400
88	26	400
88	27	400
88	28	400
88	29	400
88	30	400
88	31	400
88	32	400
88	33	400
88	34	400
88	35	400
88	36	400
88	37	400
88	38	400
88	39	400
88	40	400
88	41	400
88	42	400
88	43	400
88	44	400
88	45	400
88	46	400
88	47	400
88	48	400
88	49	400
88	50	400
89	1	400
89	2	400
89	3	400
89	4	400
89	5	400
89	6	400
89	7	400
89	8	400
89	9	400
89	10	400
89	11	400
89	12	400
89	13	400
89	14	400
89	15	400
89	16	400
89	17	400
89	18	400
89	19	400
89	20	400
89	21	400
89	22	400
89	23	400
89	24	400
89	25	400
89	26	400
89	27	400
89	28	400
89	29	400
89	30	400
89	31	400
89	32	400
89	33	400
89	34	400
89	35	400
89	36	400
89	37	400
89	38	400
89	39	400
89	40	400
89	41	400
89	42	400
89	43	400
89	44	400
89	45	400
89	46	400
89	47	400
89	48	400
89	49	400
89	50	400
90	1	400
90	2	400
90	3	400
90	4	400
90	5	400
90	6	400
90	7	400
90	8	400
90	9	400
90	10	400
90	11	400
90	12	400
90	13	400
90	14	400
90	15	400
90	16	400
90	17	400
90	18	400
90	19	400
90	20	400
90	21	400
90	22	400
90	23	400
90	24	400
90	25	400
90	26	400
90	27	400
90	28	400
90	29	400
90	30	400
90	31	400
90	32	400
90	33	400
90	34	400
90	35	400
90	36	400
90	37	400
90	38	400
90	39	400
90	40	400
90	41	400
90	42	400
90	43	400
90	44	400
90	45	400
90	46	400
90	47	400
90	48	400
90	49	400
90	50	400
91	1	400
91	2	400
91	3	400
91	4	400
91	5	400
91	6	400
91	7	400
91	8	400
91	9	400
91	10	400
91	11	400
91	12	400
91	13	400
91	14	400
91	15	400
91	16	400
91	17	400
91	18	400
91	19	400
91	20	400
91	21	400
91	22	400
91	23	400
91	24	400
91	25	400
91	26	400
91	27	400
91	28	400
91	29	400
91	30	400
91	31	400
91	32	400
91	33	400
91	34	400
91	35	400
91	36	400
91	37	400
91	38	400
91	39	400
91	40	400
91	41	400
91	42	400
91	43	400
91	44	400
91	45	400
91	46	400
91	47	400
91	48	400
91	49	400
91	50	400
92	1	400
92	2	400
92	3	400
92	4	400
92	5	400
92	6	400
92	7	400
92	8	400
92	9	400
92	10	400
92	11	400
92	12	400
92	13	400
92	14	400
92	15	400
92	16	400
92	17	400
92	18	400
92	19	400
92	20	400
92	21	400
92	22	400
92	23	400
92	24	400
92	25	400
92	26	400
92	27	400
92	28	400
92	29	400
92	30	400
92	31	400
92	32	400
92	33	400
92	34	400
92	35	400
92	36	400
92	37	400
92	38	400
92	39	400
92	40	400
92	41	400
92	42	400
92	43	400
92	44	400
92	45	400
92	46	400
92	47	400
92	48	400
92	49	400
92	50	400
93	1	400
93	2	400
93	3	400
93	4	400
93	5	400
93	6	400
93	7	400
93	8	400
93	9	400
93	10	400
93	11	400
93	12	400
93	13	400
93	14	400
93	15	400
93	16	400
93	17	400
93	18	400
93	19	400
93	20	400
93	21	400
93	22	400
93	23	400
93	24	400
93	25	400
93	26	400
93	27	400
93	28	400
93	29	400
93	30	400
93	31	400
93	32	400
93	33	400
93	34	400
93	35	400
93	36	400
93	37	400
93	38	400
93	39	400
93	40	400
93	41	400
93	42	400
93	43	400
93	44	400
93	45	400
93	46	400
93	47	400
93	48	400
93	49	400
93	50	400
94	1	400
94	2	400
94	3	400
94	4	400
94	5	400
94	6	400
94	7	400
94	8	400
94	9	400
94	10	400
94	11	400
94	12	400
94	13	400
94	14	400
94	15	400
94	16	400
94	17	400
94	18	400
94	19	400
94	20	400
94	21	400
94	22	400
94	23	400
94	24	400
94	25	400
94	26	400
94	27	400
94	28	400
94	29	400
94	30	400
94	31	400
94	32	400
94	33	400
94	34	400
94	35	400
94	36	400
94	37	400
94	38	400
94	39	400
94	40	400
94	41	400
94	42	400
94	43	400
94	44	400
94	45	400
94	46	400
94	47	400
94	48	400
94	49	400
94	50	400
95	1	400
95	2	400
95	3	400
95	4	400
95	5	400
95	6	400
95	7	400
95	8	400
95	9	400
95	10	400
95	11	400
95	12	400
95	13	400
95	14	400
95	15	400
95	16	400
95	17	400
95	18	400
95	19	400
95	20	400
95	21	400
95	22	400
95	23	400
95	24	400
95	25	400
95	26	400
95	27	400
95	28	400
95	29	400
95	30	400
95	31	400
95	32	400
95	33	400
95	34	400
95	35	400
95	36	400
95	37	400
95	38	400
95	39	400
95	40	400
95	41	400
95	42	400
95	43	400
95	44	400
95	45	400
95	46	400
95	47	400
95	48	400
95	49	400
95	50	400
96	1	400
96	2	400
96	3	400
96	4	400
96	5	400
96	6	400
96	7	400
96	8	400
96	9	400
96	10	400
96	11	400
96	12	400
96	13	400
96	14	400
96	15	400
96	16	400
96	17	400
96	18	400
96	19	400
96	20	400
96	21	400
96	22	400
96	23	400
96	24	400
96	25	400
96	26	400
96	27	400
96	28	400
96	29	400
96	30	400
96	31	400
96	32	400
96	33	400
96	34	400
96	35	400
96	36	400
96	37	400
96	38	400
96	39	400
96	40	400
96	41	400
96	42	400
96	43	400
96	44	400
96	45	400
96	46	400
96	47	400
96	48	400
96	49	400
96	50	400
97	1	400
97	2	400
97	3	400
97	4	400
97	5	400
97	6	400
97	7	400
97	8	400
97	9	400
97	10	400
97	11	400
97	12	400
97	13	400
97	14	400
97	15	400
97	16	400
97	17	400
97	18	400
97	19	400
97	20	400
97	21	400
97	22	400
97	23	400
97	24	400
97	25	400
97	26	400
97	27	400
97	28	400
97	29	400
97	30	400
97	31	400
97	32	400
97	33	400
97	34	400
97	35	400
97	36	400
97	37	400
97	38	400
97	39	400
97	40	400
97	41	400
97	42	400
97	43	400
97	44	400
97	45	400
97	46	400
97	47	400
97	48	400
97	49	400
97	50	400
98	1	400
98	2	400
98	3	400
98	4	400
98	5	400
98	6	400
98	7	400
98	8	400
98	9	400
98	10	400
98	11	400
98	12	400
98	13	400
98	14	400
98	15	400
98	16	400
98	17	400
98	18	400
98	19	400
98	20	400
98	21	400
98	22	400
98	23	400
98	24	400
98	25	400
98	26	400
98	27	400
98	28	400
98	29	400
98	30	400
98	31	400
98	32	400
98	33	400
98	34	400
98	35	400
98	36	400
98	37	400
98	38	400
98	39	400
98	40	400
98	41	400
98	42	400
98	43	400
98	44	400
98	45	400
98	46	400
98	47	400
98	48	400
98	49	400
98	50	400
99	1	400
99	2	400
99	3	400
99	4	400
99	5	400
99	6	400
99	7	400
99	8	400
99	9	400
99	10	400
99	11	400
99	12	400
99	13	400
99	14	400
99	15	400
99	16	400
99	17	400
99	18	400
99	19	400
99	20	400
99	21	400
99	22	400
99	23	400
99	24	400
99	25	400
99	26	400
99	27	400
99	28	400
99	29	400
99	30	400
99	31	400
99	32	400
99	33	400
99	34	400
99	35	400
99	36	400
99	37	400
99	38	400
99	39	400
99	40	400
99	41	400
99	42	400
99	43	400
99	44	400
99	45	400
99	46	400
99	47	400
99	48	400
99	49	400
99	50	400
100	1	400
100	2	400
100	3	400
100	4	400
100	5	400
100	6	400
100	7	400
100	8	400
100	9	400
100	10	400
100	11	400
100	12	400
100	13	400
100	14	400
100	15	400
100	16	400
100	17	400
100	18	400
100	19	400
100	20	400
100	21	400
100	22	400
100	23	400
100	24	400
100	25	400
100	26	400
100	27	400
100	28	400
100	29	400
100	30	400
100	31	400
100	32	400
100	33	400
100	34	400
100	35	400
100	36	400
100	37	400
100	38	400
100	39	400
100	40	400
100	41	400
100	42	400
100	43	400
100	44	400
100	45	400
100	46	400
100	47	400
100	48	400
100	49	400
100	50	400
