1	1	100
1	2	200
1	3	100
1	4	200
1	5	100
1	6	100
1	7	200
1	8	100
1	9	200
1	10	100
1	11	100
1	12	200
1	13	100
1	14	200
1	15	100
1	16	100
1	17	200
1	18	100
1	19	200
1	20	100
1	21	100
1	22	200
1	23	100
1	24	200
1	25	100
1	26	100
1	27	200
1	28	100
1	29	200
1	30	100
1	31	100
1	32	200
1	33	100
1	34	200
1	35	100
1	36	100
1	37	200
1	38	100
1	39	200
1	40	100
1	41	100
1	42	200
1	43	100
1	44	200
1	45	100
1	46	100
1	47	200
1	48	100
1	49	200
1	50	100
1	51	100
1	52	200
1	53	100
1	54	200
1	55	100
1	56	100
1	57	200
1	58	100
1	59	200
1	60	100
1	61	100
1	62	200
1	63	100
1	64	200
1	65	100
1	66	100
1	67	200
1	68	100
1	69	200
1	70	100
1	71	100
1	72	200
1	73	100
1	74	200
1	75	100
1	76	100
1	77	200
1	78	100
1	79	200
1	80	100
1	81	100
1	82	200
1	83	100
1	84	200
1	85	100
1	86	100
1	87	200
1	88	100
1	89	200
1	90	100
1	91	100
1	92	200
1	93	100
1	94	200
1	95	100
1	96	100
1	97	200
1	98	100
1	99	200
1	100	100
2	1	200
2	2	100
2	3	200
2	4	100
2	5	200
2	6	200
2	7	100
2	8	200
2	9	100
2	10	200
2	11	200
2	12	100
2	13	200
2	14	100
2	15	200
2	16	200
2	17	100
2	18	200
2	19	100
2	20	200
2	21	200
2	22	100
2	23	200
2	24	100
2	25	200
2	26	200
2	27	100
2	28	200
2	29	100
2	30	200
2	31	200
2	32	100
2	33	200
2	34	100
2	35	200
2	36	200
2	37	100
2	38	200
2	39	100
2	40	200
2	41	200
2	42	100
2	43	200
2	44	100
2	45	200
2	46	200
2	47	100
2	48	200
2	49	100
2	50	200
2	51	200
2	52	100
2	53	200
2	54	100
2	55	200
2	56	200
2	57	100
2	58	200
2	59	100
2	60	200
2	61	200
2	62	100
2	63	200
2	64	100
2	65	200
2	66	200
2	67	100
2	68	200
2	69	100
2	70	200
2	71	200
2	72	100
2	73	200
2	74	100
2	75	200
2	76	200
2	77	100
2	78	200
2	79	100
2	80	200
2	81	200
2	82	100
2	83	200
2	84	100
2	85	200
2	86	200
2	87	100
2	88	200
2	89	100
2	90	200
2	91	200
2	92	100
2	93	200
2	94	100
2	95	200
2	96	200
2	97	100
2	98	200
2	99	100
2	100	200
3	1	100
3	2	300
3	3	200
3	4	100
3	5	200
3	6	100
3	7	300
3	8	200
3	9	100
3	10	200
3	11	100
3	12	300
3	13	200
3	14	100
3	15	200
3	16	100
3	17	300
3	18	200
3	19	100
3	20	200
3	21	100
3	22	300
3	23	200
3	24	100
3	25	200
3	26	100
3	27	300
3	28	200
3	29	100
3	30	200
3	31	100
3	32	300
3	33	200
3	34	100
3	35	200
3	36	100
3	37	300
3	38	200
3	39	100
3	40	200
3	41	100
3	42	300
3	43	200
3	44	100
3	45	200
3	46	100
3	47	300
3	48	200
3	49	100
3	50	200
3	51	100
3	52	300
3	53	200
3	54	100
3	55	200
3	56	100
3	57	300
3	58	200
3	59	100
3	60	200
3	61	100
3	62	300
3	63	200
3	64	100
3	65	200
3	66	100
3	67	300
3	68	200
3	69	100
3	70	200
3	71	100
3	72	300
3	73	200
3	74	100
3	75	200
3	76	100
3	77	300
3	78	200
3	79	100
3	80	200
3	81	100
3	82	300
3	83	200
3	84	100
3	85	200
3	86	100
3	87	300
3	88	200
3	89	100
3	90	200
3	91	100
3	92	300
3	93	200
3	94	100
3	95	200
3	96	100
3	97	300
3	98	200
3	99	100
3	100	200
4	1	300
4	2	200
4	3	100
4	4	300
4	5	200
4	6	300
4	7	200
4	8	100
4	9	300
4	10	200
4	11	300
4	12	200
4	13	100
4	14	300
4	15	200
4	16	300
4	17	200
4	18	100
4	19	300
4	20	200
4	21	300
4	22	200
4	23	100
4	24	300
4	25	200
4	26	300
4	27	200
4	28	100
4	29	300
4	30	200
4	31	300
4	32	200
4	33	100
4	34	300
4	35	200
4	36	300
4	37	200
4	38	100
4	39	300
4	40	200
4	41	300
4	42	200
4	43	100
4	44	300
4	45	200
4	46	300
4	47	200
4	48	100
4	49	300
4	50	200
4	51	300
4	52	200
4	53	100
4	54	300
4	55	200
4	56	300
4	57	200
4	58	100
4	59	300
4	60	200
4	61	300
4	62	200
4	63	100
4	64	300
4	65	200
4	66	300
4	67	200
4	68	100
4	69	300
4	70	200
4	71	300
4	72	200
4	73	100
4	74	300
4	75	200
4	76	300
4	77	200
4	78	100
4	79	300
4	80	200
4	81	300
4	82	200
4	83	100
4	84	300
4	85	200
4	86	300
4	87	200
4	88	100
4	89	300
4	90	200
4	91	300
4	92	200
4	93	100
4	94	300
4	95	200
4	96	300
4	97	200
4	98	100
4	99	300
4	100	200
5	1	200
5	2	300
5	3	200
5	4	300
5	5	100
5	6	200
5	7	300
5	8	200
5	9	300
5	10	100
5	11	200
5	12	300
5	13	200
5	14	300
5	15	100
5	16	200
5	17	300
5	18	200
5	19	300
5	20	100
5	21	200
5	22	300
5	23	200
5	24	300
5	25	100
5	26	200
5	27	300
5	28	200
5	29	300
5	30	100
5	31	200
5	32	300
5	33	200
5	34	300
5	35	100
5	36	200
5	37	300
5	38	200
5	39	300
5	40	100
5	41	200
5	42	300
5	43	200
5	44	300
5	45	100
5	46	200
5	47	300
5	48	200
5	49	300
5	50	100
5	51	200
5	52	300
5	53	200
5	54	300
5	55	100
5	56	200
5	57	300
5	58	200
5	59	300
5	60	100
5	61	200
5	62	300
5	63	200
5	64	300
5	65	100
5	66	200
5	67	300
5	68	200
5	69	300
5	70	100
5	71	200
5	72	300
5	73	200
5	74	300
5	75	100
5	76	200
5	77	300
5	78	200
5	79	300
5	80	100
5	81	200
5	82	300
5	83	200
5	84	300
5	85	100
5	86	200
5	87	300
5	88	200
5	89	300
5	90	100
5	91	200
5	92	300
5	93	200
5	94	300
5	95	100
5	96	200
5	97	300
5	98	200
5	99	300
5	100	100
6	1	100
6	2	200
6	3	100
6	4	200
6	5	100
6	6	100
6	7	200
6	8	100
6	9	200
6	10	100
6	11	100
6	12	200
6	13	100
6	14	200
6	15	100
6	16	100
6	17	200
6	18	100
6	19	200
6	20	100
6	21	100
6	22	200
6	23	100
6	24	200
6	25	100
6	26	100
6	27	200
6	28	100
6	29	200
6	30	100
6	31	100
6	32	200
6	33	100
6	34	200
6	35	100
6	36	100
6	37	200
6	38	100
6	39	200
6	40	100
6	41	100
6	42	200
6	43	100
6	44	200
6	45	100
6	46	100
6	47	200
6	48	100
6	49	200
6	50	100
6	51	100
6	52	200
6	53	100
6	54	200
6	55	100
6	56	100
6	57	200
6	58	100
6	59	200
6	60	100
6	61	100
6	62	200
6	63	100
6	64	200
6	65	100
6	66	100
6	67	200
6	68	100
6	69	200
6	70	100
6	71	100
6	72	200
6	73	100
6	74	200
6	75	100
6	76	100
6	77	200
6	78	100
6	79	200
6	80	100
6	81	100
6	82	200
6	83	100
6	84	200
6	85	100
6	86	100
6	87	200
6	88	100
6	89	200
6	90	100
6	91	100
6	92	200
6	93	100
6	94	200
6	95	100
6	96	100
6	97	200
6	98	100
6	99	200
6	100	100
7	1	200
7	2	100
7	3	200
7	4	100
7	5	200
7	6	200
7	7	100
7	8	200
7	9	100
7	10	200
7	11	200
7	12	100
7	13	200
7	14	100
7	15	200
7	16	200
7	17	100
7	18	200
7	19	100
7	20	200
7	21	200
7	22	100
7	23	200
7	24	100
7	25	200
7	26	200
7	27	100
7	28	200
7	29	100
7	30	200
7	31	200
7	32	100
7	33	200
7	34	100
7	35	200
7	36	200
7	37	100
7	38	200
7	39	100
7	40	200
7	41	200
7	42	100
7	43	200
7	44	100
7	45	200
7	46	200
7	47	100
7	48	200
7	49	100
7	50	200
7	51	200
7	52	100
7	53	200
7	54	100
7	55	200
7	56	200
7	57	100
7	58	200
7	59	100
7	60	200
7	61	200
7	62	100
7	63	200
7	64	100
7	65	200
7	66	200
7	67	100
7	68	200
7	69	100
7	70	200
7	71	200
7	72	100
7	73	200
7	74	100
7	75	200
7	76	200
7	77	100
7	78	200
7	79	100
7	80	200
7	81	200
7	82	100
7	83	200
7	84	100
7	85	200
7	86	200
7	87	100
7	88	200
7	89	100
7	90	200
7	91	200
7	92	100
7	93	200
7	94	100
7	95	200
7	96	200
7	97	100
7	98	200
7	99	100
7	100	200
8	1	100
8	2	300
8	3	200
8	4	100
8	5	200
8	6	100
8	7	300
8	8	200
8	9	100
8	10	200
8	11	100
8	12	300
8	13	200
8	14	100
8	15	200
8	16	100
8	17	300
8	18	200
8	19	100
8	20	200
8	21	100
8	22	300
8	23	200
8	24	100
8	25	200
8	26	100
8	27	300
8	28	200
8	29	100
8	30	200
8	31	100
8	32	300
8	33	200
8	34	100
8	35	200
8	36	100
8	37	300
8	38	200
8	39	100
8	40	200
8	41	100
8	42	300
8	43	200
8	44	100
8	45	200
8	46	100
8	47	300
8	48	200
8	49	100
8	50	200
8	51	100
8	52	300
8	53	200
8	54	100
8	55	200
8	56	100
8	57	300
8	58	200
8	59	100
8	60	200
8	61	100
8	62	300
8	63	200
8	64	100
8	65	200
8	66	100
8	67	300
8	68	200
8	69	100
8	70	200
8	71	100
8	72	300
8	73	200
8	74	100
8	75	200
8	76	100
8	77	300
8	78	200
8	79	100
8	80	200
8	81	100
8	82	300
8	83	200
8	84	100
8	85	200
8	86	100
8	87	300
8	88	200
8	89	100
8	90	200
8	91	100
8	92	300
8	93	200
8	94	100
8	95	200
8	96	100
8	97	300
8	98	200
8	99	100
8	100	200
9	1	300
9	2	200
9	3	100
9	4	300
9	5	200
9	6	300
9	7	200
9	8	100
9	9	300
9	10	200
9	11	300
9	12	200
9	13	100
9	14	300
9	15	200
9	16	300
9	17	200
9	18	100
9	19	300
9	20	200
9	21	300
9	22	200
9	23	100
9	24	300
9	25	200
9	26	300
9	27	200
9	28	100
9	29	300
9	30	200
9	31	300
9	32	200
9	33	100
9	34	300
9	35	200
9	36	300
9	37	200
9	38	100
9	39	300
9	40	200
9	41	300
9	42	200
9	43	100
9	44	300
9	45	200
9	46	300
9	47	200
9	48	100
9	49	300
9	50	200
9	51	300
9	52	200
9	53	100
9	54	300
9	55	200
9	56	300
9	57	200
9	58	100
9	59	300
9	60	200
9	61	300
9	62	200
9	63	100
9	64	300
9	65	200
9	66	300
9	67	200
9	68	100
9	69	300
9	70	200
9	71	300
9	72	200
9	73	100
9	74	300
9	75	200
9	76	300
9	77	200
9	78	100
9	79	300
9	80	200
9	81	300
9	82	200
9	83	100
9	84	300
9	85	200
9	86	300
9	87	200
9	88	100
9	89	300
9	90	200
9	91	300
9	92	200
9	93	100
9	94	300
9	95	200
9	96	300
9	97	200
9	98	100
9	99	300
9	100	200
10	1	200
10	2	300
10	3	200
10	4	300
10	5	100
10	6	200
10	7	300
10	8	200
10	9	300
10	10	100
10	11	200
10	12	300
10	13	200
10	14	300
10	15	100
10	16	200
10	17	300
10	18	200
10	19	300
10	20	100
10	21	200
10	22	300
10	23	200
10	24	300
10	25	100
10	26	200
10	27	300
10	28	200
10	29	300
10	30	100
10	31	200
10	32	300
10	33	200
10	34	300
10	35	100
10	36	200
10	37	300
10	38	200
10	39	300
10	40	100
10	41	200
10	42	300
10	43	200
10	44	300
10	45	100
10	46	200
10	47	300
10	48	200
10	49	300
10	50	100
10	51	200
10	52	300
10	53	200
10	54	300
10	55	100
10	56	200
10	57	300
10	58	200
10	59	300
10	60	100
10	61	200
10	62	300
10	63	200
10	64	300
10	65	100
10	66	200
10	67	300
10	68	200
10	69	300
10	70	100
10	71	200
10	72	300
10	73	200
10	74	300
10	75	100
10	76	200
10	77	300
10	78	200
10	79	300
10	80	100
10	81	200
10	82	300
10	83	200
10	84	300
10	85	100
10	86	200
10	87	300
10	88	200
10	89	300
10	90	100
10	91	200
10	92	300
10	93	200
10	94	300
10	95	100
10	96	200
10	97	300
10	98	200
10	99	300
10	100	100
11	1	100
11	2	200
11	3	100
11	4	200
11	5	100
11	6	100
11	7	200
11	8	100
11	9	200
11	10	100
11	11	100
11	12	200
11	13	100
11	14	200
11	15	100
11	16	100
11	17	200
11	18	100
11	19	200
11	20	100
11	21	100
11	22	200
11	23	100
11	24	200
11	25	100
11	26	100
11	27	200
11	28	100
11	29	200
11	30	100
11	31	100
11	32	200
11	33	100
11	34	200
11	35	100
11	36	100
11	37	200
11	38	100
11	39	200
11	40	100
11	41	100
11	42	200
11	43	100
11	44	200
11	45	100
11	46	100
11	47	200
11	48	100
11	49	200
11	50	100
11	51	100
11	52	200
11	53	100
11	54	200
11	55	100
11	56	100
11	57	200
11	58	100
11	59	200
11	60	100
11	61	100
11	62	200
11	63	100
11	64	200
11	65	100
11	66	100
11	67	200
11	68	100
11	69	200
11	70	100
11	71	100
11	72	200
11	73	100
11	74	200
11	75	100
11	76	100
11	77	200
11	78	100
11	79	200
11	80	100
11	81	100
11	82	200
11	83	100
11	84	200
11	85	100
11	86	100
11	87	200
11	88	100
11	89	200
11	90	100
11	91	100
11	92	200
11	93	100
11	94	200
11	95	100
11	96	100
11	97	200
11	98	100
11	99	200
11	100	100
12	1	200
12	2	100
12	3	200
12	4	100
12	5	200
12	6	200
12	7	100
12	8	200
12	9	100
12	10	200
12	11	200
12	12	100
12	13	200
12	14	100
12	15	200
12	16	200
12	17	100
12	18	200
12	19	100
12	20	200
12	21	200
12	22	100
12	23	200
12	24	100
12	25	200
12	26	200
12	27	100
12	28	200
12	29	100
12	30	200
12	31	200
12	32	100
12	33	200
12	34	100
12	35	200
12	36	200
12	37	100
12	38	200
12	39	100
12	40	200
12	41	200
12	42	100
12	43	200
12	44	100
12	45	200
12	46	200
12	47	100
12	48	200
12	49	100
12	50	200
12	51	200
12	52	100
12	53	200
12	54	100
12	55	200
12	56	200
12	57	100
12	58	200
12	59	100
12	60	200
12	61	200
12	62	100
12	63	200
12	64	100
12	65	200
12	66	200
12	67	100
12	68	200
12	69	100
12	70	200
12	71	200
12	72	100
12	73	200
12	74	100
12	75	200
12	76	200
12	77	100
12	78	200
12	79	100
12	80	200
12	81	200
12	82	100
12	83	200
12	84	100
12	85	200
12	86	200
12	87	100
12	88	200
12	89	100
12	90	200
12	91	200
12	92	100
12	93	200
12	94	100
12	95	200
12	96	200
12	97	100
12	98	200
12	99	100
12	100	200
13	1	100
13	2	300
13	3	200
13	4	100
13	5	200
13	6	100
13	7	300
13	8	200
13	9	100
13	10	200
13	11	100
13	12	300
13	13	200
13	14	100
13	15	200
13	16	100
13	17	300
13	18	200
13	19	100
13	20	200
13	21	100
13	22	300
13	23	200
13	24	100
13	25	200
13	26	100
13	27	300
13	28	200
13	29	100
13	30	200
13	31	100
13	32	300
13	33	200
13	34	100
13	35	200
13	36	100
13	37	300
13	38	200
13	39	100
13	40	200
13	41	100
13	42	300
13	43	200
13	44	100
13	45	200
13	46	100
13	47	300
13	48	200
13	49	100
13	50	200
13	51	100
13	52	300
13	53	200
13	54	100
13	55	200
13	56	100
13	57	300
13	58	200
13	59	100
13	60	200
13	61	100
13	62	300
13	63	200
13	64	100
13	65	200
13	66	100
13	67	300
13	68	200
13	69	100
13	70	200
13	71	100
13	72	300
13	73	200
13	74	100
13	75	200
13	76	100
13	77	300
13	78	200
13	79	100
13	80	200
13	81	100
13	82	300
13	83	200
13	84	100
13	85	200
13	86	100
13	87	300
13	88	200
13	89	100
13	90	200
13	91	100
13	92	300
13	93	200
13	94	100
13	95	200
13	96	100
13	97	300
13	98	200
13	99	100
13	100	200
14	1	300
14	2	200
14	3	100
14	4	300
14	5	200
14	6	300
14	7	200
14	8	100
14	9	300
14	10	200
14	11	300
14	12	200
14	13	100
14	14	300
14	15	200
14	16	300
14	17	200
14	18	100
14	19	300
14	20	200
14	21	300
14	22	200
14	23	100
14	24	300
14	25	200
14	26	300
14	27	200
14	28	100
14	29	300
14	30	200
14	31	300
14	32	200
14	33	100
14	34	300
14	35	200
14	36	300
14	37	200
14	38	100
14	39	300
14	40	200
14	41	300
14	42	200
14	43	100
14	44	300
14	45	200
14	46	300
14	47	200
14	48	100
14	49	300
14	50	200
14	51	300
14	52	200
14	53	100
14	54	300
14	55	200
14	56	300
14	57	200
14	58	100
14	59	300
14	60	200
14	61	300
14	62	200
14	63	100
14	64	300
14	65	200
14	66	300
14	67	200
14	68	100
14	69	300
14	70	200
14	71	300
14	72	200
14	73	100
14	74	300
14	75	200
14	76	300
14	77	200
14	78	100
14	79	300
14	80	200
14	81	300
14	82	200
14	83	100
14	84	300
14	85	200
14	86	300
14	87	200
14	88	100
14	89	300
14	90	200
14	91	300
14	92	200
14	93	100
14	94	300
14	95	200
14	96	300
14	97	200
14	98	100
14	99	300
14	100	200
15	1	200
15	2	300
15	3	200
15	4	300
15	5	100
15	6	200
15	7	300
15	8	200
15	9	300
15	10	100
15	11	200
15	12	300
15	13	200
15	14	300
15	15	100
15	16	200
15	17	300
15	18	200
15	19	300
15	20	100
15	21	200
15	22	300
15	23	200
15	24	300
15	25	100
15	26	200
15	27	300
15	28	200
15	29	300
15	30	100
15	31	200
15	32	300
15	33	200
15	34	300
15	35	100
15	36	200
15	37	300
15	38	200
15	39	300
15	40	100
15	41	200
15	42	300
15	43	200
15	44	300
15	45	100
15	46	200
15	47	300
15	48	200
15	49	300
15	50	100
15	51	200
15	52	300
15	53	200
15	54	300
15	55	100
15	56	200
15	57	300
15	58	200
15	59	300
15	60	100
15	61	200
15	62	300
15	63	200
15	64	300
15	65	100
15	66	200
15	67	300
15	68	200
15	69	300
15	70	100
15	71	200
15	72	300
15	73	200
15	74	300
15	75	100
15	76	200
15	77	300
15	78	200
15	79	300
15	80	100
15	81	200
15	82	300
15	83	200
15	84	300
15	85	100
15	86	200
15	87	300
15	88	200
15	89	300
15	90	100
15	91	200
15	92	300
15	93	200
15	94	300
15	95	100
15	96	200
15	97	300
15	98	200
15	99	300
15	100	100
16	1	100
16	2	200
16	3	100
16	4	200
16	5	100
16	6	100
16	7	200
16	8	100
16	9	200
16	10	100
16	11	100
16	12	200
16	13	100
16	14	200
16	15	100
16	16	100
16	17	200
16	18	100
16	19	200
16	20	100
16	21	100
16	22	200
16	23	100
16	24	200
16	25	100
16	26	100
16	27	200
16	28	100
16	29	200
16	30	100
16	31	100
16	32	200
16	33	100
16	34	200
16	35	100
16	36	100
16	37	200
16	38	100
16	39	200
16	40	100
16	41	100
16	42	200
16	43	100
16	44	200
16	45	100
16	46	100
16	47	200
16	48	100
16	49	200
16	50	100
16	51	100
16	52	200
16	53	100
16	54	200
16	55	100
16	56	100
16	57	200
16	58	100
16	59	200
16	60	100
16	61	100
16	62	200
16	63	100
16	64	200
16	65	100
16	66	100
16	67	200
16	68	100
16	69	200
16	70	100
16	71	100
16	72	200
16	73	100
16	74	200
16	75	100
16	76	100
16	77	200
16	78	100
16	79	200
16	80	100
16	81	100
16	82	200
16	83	100
16	84	200
16	85	100
16	86	100
16	87	200
16	88	100
16	89	200
16	90	100
16	91	100
16	92	200
16	93	100
16	94	200
16	95	100
16	96	100
16	97	200
16	98	100
16	99	200
16	100	100
17	1	200
17	2	100
17	3	200
17	4	100
17	5	200
17	6	200
17	7	100
17	8	200
17	9	100
17	10	200
17	11	200
17	12	100
17	13	200
17	14	100
17	15	200
17	16	200
17	17	100
17	18	200
17	19	100
17	20	200
17	21	200
17	22	100
17	23	200
17	24	100
17	25	200
17	26	200
17	27	100
17	28	200
17	29	100
17	30	200
17	31	200
17	32	100
17	33	200
17	34	100
17	35	200
17	36	200
17	37	100
17	38	200
17	39	100
17	40	200
17	41	200
17	42	100
17	43	200
17	44	100
17	45	200
17	46	200
17	47	100
17	48	200
17	49	100
17	50	200
17	51	200
17	52	100
17	53	200
17	54	100
17	55	200
17	56	200
17	57	100
17	58	200
17	59	100
17	60	200
17	61	200
17	62	100
17	63	200
17	64	100
17	65	200
17	66	200
17	67	100
17	68	200
17	69	100
17	70	200
17	71	200
17	72	100
17	73	200
17	74	100
17	75	200
17	76	200
17	77	100
17	78	200
17	79	100
17	80	200
17	81	200
17	82	100
17	83	200
17	84	100
17	85	200
17	86	200
17	87	100
17	88	200
17	89	100
17	90	200
17	91	200
17	92	100
17	93	200
17	94	100
17	95	200
17	96	200
17	97	100
17	98	200
17	99	100
17	100	200
18	1	100
18	2	300
18	3	200
18	4	100
18	5	200
18	6	100
18	7	300
18	8	200
18	9	100
18	10	200
18	11	100
18	12	300
18	13	200
18	14	100
18	15	200
18	16	100
18	17	300
18	18	200
18	19	100
18	20	200
18	21	100
18	22	300
18	23	200
18	24	100
18	25	200
18	26	100
18	27	300
18	28	200
18	29	100
18	30	200
18	31	100
18	32	300
18	33	200
18	34	100
18	35	200
18	36	100
18	37	300
18	38	200
18	39	100
18	40	200
18	41	100
18	42	300
18	43	200
18	44	100
18	45	200
18	46	100
18	47	300
18	48	200
18	49	100
18	50	200
18	51	100
18	52	300
18	53	200
18	54	100
18	55	200
18	56	100
18	57	300
18	58	200
18	59	100
18	60	200
18	61	100
18	62	300
18	63	200
18	64	100
18	65	200
18	66	100
18	67	300
18	68	200
18	69	100
18	70	200
18	71	100
18	72	300
18	73	200
18	74	100
18	75	200
18	76	100
18	77	300
18	78	200
18	79	100
18	80	200
18	81	100
18	82	300
18	83	200
18	84	100
18	85	200
18	86	100
18	87	300
18	88	200
18	89	100
18	90	200
18	91	100
18	92	300
18	93	200
18	94	100
18	95	200
18	96	100
18	97	300
18	98	200
18	99	100
18	100	200
19	1	300
19	2	200
19	3	100
19	4	300
19	5	200
19	6	300
19	7	200
19	8	100
19	9	300
19	10	200
19	11	300
19	12	200
19	13	100
19	14	300
19	15	200
19	16	300
19	17	200
19	18	100
19	19	300
19	20	200
19	21	300
19	22	200
19	23	100
19	24	300
19	25	200
19	26	300
19	27	200
19	28	100
19	29	300
19	30	200
19	31	300
19	32	200
19	33	100
19	34	300
19	35	200
19	36	300
19	37	200
19	38	100
19	39	300
19	40	200
19	41	300
19	42	200
19	43	100
19	44	300
19	45	200
19	46	300
19	47	200
19	48	100
19	49	300
19	50	200
19	51	300
19	52	200
19	53	100
19	54	300
19	55	200
19	56	300
19	57	200
19	58	100
19	59	300
19	60	200
19	61	300
19	62	200
19	63	100
19	64	300
19	65	200
19	66	300
19	67	200
19	68	100
19	69	300
19	70	200
19	71	300
19	72	200
19	73	100
19	74	300
19	75	200
19	76	300
19	77	200
19	78	100
19	79	300
19	80	200
19	81	300
19	82	200
19	83	100
19	84	300
19	85	200
19	86	300
19	87	200
19	88	100
19	89	300
19	90	200
19	91	300
19	92	200
19	93	100
19	94	300
19	95	200
19	96	300
19	97	200
19	98	100
19	99	300
19	100	200
20	1	200
20	2	300
20	3	200
20	4	300
20	5	100
20	6	200
20	7	300
20	8	200
20	9	300
20	10	100
20	11	200
20	12	300
20	13	200
20	14	300
20	15	100
20	16	200
20	17	300
20	18	200
20	19	300
20	20	100
20	21	200
20	22	300
20	23	200
20	24	300
20	25	100
20	26	200
20	27	300
20	28	200
20	29	300
20	30	100
20	31	200
20	32	300
20	33	200
20	34	300
20	35	100
20	36	200
20	37	300
20	38	200
20	39	300
20	40	100
20	41	200
20	42	300
20	43	200
20	44	300
20	45	100
20	46	200
20	47	300
20	48	200
20	49	300
20	50	100
20	51	200
20	52	300
20	53	200
20	54	300
20	55	100
20	56	200
20	57	300
20	58	200
20	59	300
20	60	100
20	61	200
20	62	300
20	63	200
20	64	300
20	65	100
20	66	200
20	67	300
20	68	200
20	69	300
20	70	100
20	71	200
20	72	300
20	73	200
20	74	300
20	75	100
20	76	200
20	77	300
20	78	200
20	79	300
20	80	100
20	81	200
20	82	300
20	83	200
20	84	300
20	85	100
20	86	200
20	87	300
20	88	200
20	89	300
20	90	100
20	91	200
20	92	300
20	93	200
20	94	300
20	95	100
20	96	200
20	97	300
20	98	200
20	99	300
20	100	100
21	1	100
21	2	200
21	3	100
21	4	200
21	5	100
21	6	100
21	7	200
21	8	100
21	9	200
21	10	100
21	11	100
21	12	200
21	13	100
21	14	200
21	15	100
21	16	100
21	17	200
21	18	100
21	19	200
21	20	100
21	21	100
21	22	200
21	23	100
21	24	200
21	25	100
21	26	100
21	27	200
21	28	100
21	29	200
21	30	100
21	31	100
21	32	200
21	33	100
21	34	200
21	35	100
21	36	100
21	37	200
21	38	100
21	39	200
21	40	100
21	41	100
21	42	200
21	43	100
21	44	200
21	45	100
21	46	100
21	47	200
21	48	100
21	49	200
21	50	100
21	51	100
21	52	200
21	53	100
21	54	200
21	55	100
21	56	100
21	57	200
21	58	100
21	59	200
21	60	100
21	61	100
21	62	200
21	63	100
21	64	200
21	65	100
21	66	100
21	67	200
21	68	100
21	69	200
21	70	100
21	71	100
21	72	200
21	73	100
21	74	200
21	75	100
21	76	100
21	77	200
21	78	100
21	79	200
21	80	100
21	81	100
21	82	200
21	83	100
21	84	200
21	85	100
21	86	100
21	87	200
21	88	100
21	89	200
21	90	100
21	91	100
21	92	200
21	93	100
21	94	200
21	95	100
21	96	100
21	97	200
21	98	100
21	99	200
21	100	100
22	1	200
22	2	100
22	3	200
22	4	100
22	5	200
22	6	200
22	7	100
22	8	200
22	9	100
22	10	200
22	11	200
22	12	100
22	13	200
22	14	100
22	15	200
22	16	200
22	17	100
22	18	200
22	19	100
22	20	200
22	21	200
22	22	100
22	23	200
22	24	100
22	25	200
22	26	200
22	27	100
22	28	200
22	29	100
22	30	200
22	31	200
22	32	100
22	33	200
22	34	100
22	35	200
22	36	200
22	37	100
22	38	200
22	39	100
22	40	200
22	41	200
22	42	100
22	43	200
22	44	100
22	45	200
22	46	200
22	47	100
22	48	200
22	49	100
22	50	200
22	51	200
22	52	100
22	53	200
22	54	100
22	55	200
22	56	200
22	57	100
22	58	200
22	59	100
22	60	200
22	61	200
22	62	100
22	63	200
22	64	100
22	65	200
22	66	200
22	67	100
22	68	200
22	69	100
22	70	200
22	71	200
22	72	100
22	73	200
22	74	100
22	75	200
22	76	200
22	77	100
22	78	200
22	79	100
22	80	200
22	81	200
22	82	100
22	83	200
22	84	100
22	85	200
22	86	200
22	87	100
22	88	200
22	89	100
22	90	200
22	91	200
22	92	100
22	93	200
22	94	100
22	95	200
22	96	200
22	97	100
22	98	200
22	99	100
22	100	200
23	1	100
23	2	300
23	3	200
23	4	100
23	5	200
23	6	100
23	7	300
23	8	200
23	9	100
23	10	200
23	11	100
23	12	300
23	13	200
23	14	100
23	15	200
23	16	100
23	17	300
23	18	200
23	19	100
23	20	200
23	21	100
23	22	300
23	23	200
23	24	100
23	25	200
23	26	100
23	27	300
23	28	200
23	29	100
23	30	200
23	31	100
23	32	300
23	33	200
23	34	100
23	35	200
23	36	100
23	37	300
23	38	200
23	39	100
23	40	200
23	41	100
23	42	300
23	43	200
23	44	100
23	45	200
23	46	100
23	47	300
23	48	200
23	49	100
23	50	200
23	51	100
23	52	300
23	53	200
23	54	100
23	55	200
23	56	100
23	57	300
23	58	200
23	59	100
23	60	200
23	61	100
23	62	300
23	63	200
23	64	100
23	65	200
23	66	100
23	67	300
23	68	200
23	69	100
23	70	200
23	71	100
23	72	300
23	73	200
23	74	100
23	75	200
23	76	100
23	77	300
23	78	200
23	79	100
23	80	200
23	81	100
23	82	300
23	83	200
23	84	100
23	85	200
23	86	100
23	87	300
23	88	200
23	89	100
23	90	200
23	91	100
23	92	300
23	93	200
23	94	100
23	95	200
23	96	100
23	97	300
23	98	200
23	99	100
23	100	200
24	1	300
24	2	200
24	3	100
24	4	300
24	5	200
24	6	300
24	7	200
24	8	100
24	9	300
24	10	200
24	11	300
24	12	200
24	13	100
24	14	300
24	15	200
24	16	300
24	17	200
24	18	100
24	19	300
24	20	200
24	21	300
24	22	200
24	23	100
24	24	300
24	25	200
24	26	300
24	27	200
24	28	100
24	29	300
24	30	200
24	31	300
24	32	200
24	33	100
24	34	300
24	35	200
24	36	300
24	37	200
24	38	100
24	39	300
24	40	200
24	41	300
24	42	200
24	43	100
24	44	300
24	45	200
24	46	300
24	47	200
24	48	100
24	49	300
24	50	200
24	51	300
24	52	200
24	53	100
24	54	300
24	55	200
24	56	300
24	57	200
24	58	100
24	59	300
24	60	200
24	61	300
24	62	200
24	63	100
24	64	300
24	65	200
24	66	300
24	67	200
24	68	100
24	69	300
24	70	200
24	71	300
24	72	200
24	73	100
24	74	300
24	75	200
24	76	300
24	77	200
24	78	100
24	79	300
24	80	200
24	81	300
24	82	200
24	83	100
24	84	300
24	85	200
24	86	300
24	87	200
24	88	100
24	89	300
24	90	200
24	91	300
24	92	200
24	93	100
24	94	300
24	95	200
24	96	300
24	97	200
24	98	100
24	99	300
24	100	200
25	1	200
25	2	300
25	3	200
25	4	300
25	5	100
25	6	200
25	7	300
25	8	200
25	9	300
25	10	100
25	11	200
25	12	300
25	13	200
25	14	300
25	15	100
25	16	200
25	17	300
25	18	200
25	19	300
25	20	100
25	21	200
25	22	300
25	23	200
25	24	300
25	25	100
25	26	200
25	27	300
25	28	200
25	29	300
25	30	100
25	31	200
25	32	300
25	33	200
25	34	300
25	35	100
25	36	200
25	37	300
25	38	200
25	39	300
25	40	100
25	41	200
25	42	300
25	43	200
25	44	300
25	45	100
25	46	200
25	47	300
25	48	200
25	49	300
25	50	100
25	51	200
25	52	300
25	53	200
25	54	300
25	55	100
25	56	200
25	57	300
25	58	200
25	59	300
25	60	100
25	61	200
25	62	300
25	63	200
25	64	300
25	65	100
25	66	200
25	67	300
25	68	200
25	69	300
25	70	100
25	71	200
25	72	300
25	73	200
25	74	300
25	75	100
25	76	200
25	77	300
25	78	200
25	79	300
25	80	100
25	81	200
25	82	300
25	83	200
25	84	300
25	85	100
25	86	200
25	87	300
25	88	200
25	89	300
25	90	100
25	91	200
25	92	300
25	93	200
25	94	300
25	95	100
25	96	200
25	97	300
25	98	200
25	99	300
25	100	100
26	1	100
26	2	200
26	3	100
26	4	200
26	5	100
26	6	100
26	7	200
26	8	100
26	9	200
26	10	100
26	11	100
26	12	200
26	13	100
26	14	200
26	15	100
26	16	100
26	17	200
26	18	100
26	19	200
26	20	100
26	21	100
26	22	200
26	23	100
26	24	200
26	25	100
26	26	100
26	27	200
26	28	100
26	29	200
26	30	100
26	31	100
26	32	200
26	33	100
26	34	200
26	35	100
26	36	100
26	37	200
26	38	100
26	39	200
26	40	100
26	41	100
26	42	200
26	43	100
26	44	200
26	45	100
26	46	100
26	47	200
26	48	100
26	49	200
26	50	100
26	51	100
26	52	200
26	53	100
26	54	200
26	55	100
26	56	100
26	57	200
26	58	100
26	59	200
26	60	100
26	61	100
26	62	200
26	63	100
26	64	200
26	65	100
26	66	100
26	67	200
26	68	100
26	69	200
26	70	100
26	71	100
26	72	200
26	73	100
26	74	200
26	75	100
26	76	100
26	77	200
26	78	100
26	79	200
26	80	100
26	81	100
26	82	200
26	83	100
26	84	200
26	85	100
26	86	100
26	87	200
26	88	100
26	89	200
26	90	100
26	91	100
26	92	200
26	93	100
26	94	200
26	95	100
26	96	100
26	97	200
26	98	100
26	99	200
26	100	100
27	1	200
27	2	100
27	3	200
27	4	100
27	5	200
27	6	200
27	7	100
27	8	200
27	9	100
27	10	200
27	11	200
27	12	100
27	13	200
27	14	100
27	15	200
27	16	200
27	17	100
27	18	200
27	19	100
27	20	200
27	21	200
27	22	100
27	23	200
27	24	100
27	25	200
27	26	200
27	27	100
27	28	200
27	29	100
27	30	200
27	31	200
27	32	100
27	33	200
27	34	100
27	35	200
27	36	200
27	37	100
27	38	200
27	39	100
27	40	200
27	41	200
27	42	100
27	43	200
27	44	100
27	45	200
27	46	200
27	47	100
27	48	200
27	49	100
27	50	200
27	51	200
27	52	100
27	53	200
27	54	100
27	55	200
27	56	200
27	57	100
27	58	200
27	59	100
27	60	200
27	61	200
27	62	100
27	63	200
27	64	100
27	65	200
27	66	200
27	67	100
27	68	200
27	69	100
27	70	200
27	71	200
27	72	100
27	73	200
27	74	100
27	75	200
27	76	200
27	77	100
27	78	200
27	79	100
27	80	200
27	81	200
27	82	100
27	83	200
27	84	100
27	85	200
27	86	200
27	87	100
27	88	200
27	89	100
27	90	200
27	91	200
27	92	100
27	93	200
27	94	100
27	95	200
27	96	200
27	97	100
27	98	200
27	99	100
27	100	200
28	1	100
28	2	300
28	3	200
28	4	100
28	5	200
28	6	100
28	7	300
28	8	200
28	9	100
28	10	200
28	11	100
28	12	300
28	13	200
28	14	100
28	15	200
28	16	100
28	17	300
28	18	200
28	19	100
28	20	200
28	21	100
28	22	300
28	23	200
28	24	100
28	25	200
28	26	100
28	27	300
28	28	200
28	29	100
28	30	200
28	31	100
28	32	300
28	33	200
28	34	100
28	35	200
28	36	100
28	37	300
28	38	200
28	39	100
28	40	200
28	41	100
28	42	300
28	43	200
28	44	100
28	45	200
28	46	100
28	47	300
28	48	200
28	49	100
28	50	200
28	51	100
28	52	300
28	53	200
28	54	100
28	55	200
28	56	100
28	57	300
28	58	200
28	59	100
28	60	200
28	61	100
28	62	300
28	63	200
28	64	100
28	65	200
28	66	100
28	67	300
28	68	200
28	69	100
28	70	200
28	71	100
28	72	300
28	73	200
28	74	100
28	75	200
28	76	100
28	77	300
28	78	200
28	79	100
28	80	200
28	81	100
28	82	300
28	83	200
28	84	100
28	85	200
28	86	100
28	87	300
28	88	200
28	89	100
28	90	200
28	91	100
28	92	300
28	93	200
28	94	100
28	95	200
28	96	100
28	97	300
28	98	200
28	99	100
28	100	200
29	1	300
29	2	200
29	3	100
29	4	300
29	5	200
29	6	300
29	7	200
29	8	100
29	9	300
29	10	200
29	11	300
29	12	200
29	13	100
29	14	300
29	15	200
29	16	300
29	17	200
29	18	100
29	19	300
29	20	200
29	21	300
29	22	200
29	23	100
29	24	300
29	25	200
29	26	300
29	27	200
29	28	100
29	29	300
29	30	200
29	31	300
29	32	200
29	33	100
29	34	300
29	35	200
29	36	300
29	37	200
29	38	100
29	39	300
29	40	200
29	41	300
29	42	200
29	43	100
29	44	300
29	45	200
29	46	300
29	47	200
29	48	100
29	49	300
29	50	200
29	51	300
29	52	200
29	53	100
29	54	300
29	55	200
29	56	300
29	57	200
29	58	100
29	59	300
29	60	200
29	61	300
29	62	200
29	63	100
29	64	300
29	65	200
29	66	300
29	67	200
29	68	100
29	69	300
29	70	200
29	71	300
29	72	200
29	73	100
29	74	300
29	75	200
29	76	300
29	77	200
29	78	100
29	79	300
29	80	200
29	81	300
29	82	200
29	83	100
29	84	300
29	85	200
29	86	300
29	87	200
29	88	100
29	89	300
29	90	200
29	91	300
29	92	200
29	93	100
29	94	300
29	95	200
29	96	300
29	97	200
29	98	100
29	99	300
29	100	200
30	1	200
30	2	300
30	3	200
30	4	300
30	5	100
30	6	200
30	7	300
30	8	200
30	9	300
30	10	100
30	11	200
30	12	300
30	13	200
30	14	300
30	15	100
30	16	200
30	17	300
30	18	200
30	19	300
30	20	100
30	21	200
30	22	300
30	23	200
30	24	300
30	25	100
30	26	200
30	27	300
30	28	200
30	29	300
30	30	100
30	31	200
30	32	300
30	33	200
30	34	300
30	35	100
30	36	200
30	37	300
30	38	200
30	39	300
30	40	100
30	41	200
30	42	300
30	43	200
30	44	300
30	45	100
30	46	200
30	47	300
30	48	200
30	49	300
30	50	100
30	51	200
30	52	300
30	53	200
30	54	300
30	55	100
30	56	200
30	57	300
30	58	200
30	59	300
30	60	100
30	61	200
30	62	300
30	63	200
30	64	300
30	65	100
30	66	200
30	67	300
30	68	200
30	69	300
30	70	100
30	71	200
30	72	300
30	73	200
30	74	300
30	75	100
30	76	200
30	77	300
30	78	200
30	79	300
30	80	100
30	81	200
30	82	300
30	83	200
30	84	300
30	85	100
30	86	200
30	87	300
30	88	200
30	89	300
30	90	100
30	91	200
30	92	300
30	93	200
30	94	300
30	95	100
30	96	200
30	97	300
30	98	200
30	99	300
30	100	100
31	1	100
31	2	200
31	3	100
31	4	200
31	5	100
31	6	100
31	7	200
31	8	100
31	9	200
31	10	100
31	11	100
31	12	200
31	13	100
31	14	200
31	15	100
31	16	100
31	17	200
31	18	100
31	19	200
31	20	100
31	21	100
31	22	200
31	23	100
31	24	200
31	25	100
31	26	100
31	27	200
31	28	100
31	29	200
31	30	100
31	31	100
31	32	200
31	33	100
31	34	200
31	35	100
31	36	100
31	37	200
31	38	100
31	39	200
31	40	100
31	41	100
31	42	200
31	43	100
31	44	200
31	45	100
31	46	100
31	47	200
31	48	100
31	49	200
31	50	100
31	51	100
31	52	200
31	53	100
31	54	200
31	55	100
31	56	100
31	57	200
31	58	100
31	59	200
31	60	100
31	61	100
31	62	200
31	63	100
31	64	200
31	65	100
31	66	100
31	67	200
31	68	100
31	69	200
31	70	100
31	71	100
31	72	200
31	73	100
31	74	200
31	75	100
31	76	100
31	77	200
31	78	100
31	79	200
31	80	100
31	81	100
31	82	200
31	83	100
31	84	200
31	85	100
31	86	100
31	87	200
31	88	100
31	89	200
31	90	100
31	91	100
31	92	200
31	93	100
31	94	200
31	95	100
31	96	100
31	97	200
31	98	100
31	99	200
31	100	100
32	1	200
32	2	100
32	3	200
32	4	100
32	5	200
32	6	200
32	7	100
32	8	200
32	9	100
32	10	200
32	11	200
32	12	100
32	13	200
32	14	100
32	15	200
32	16	200
32	17	100
32	18	200
32	19	100
32	20	200
32	21	200
32	22	100
32	23	200
32	24	100
32	25	200
32	26	200
32	27	100
32	28	200
32	29	100
32	30	200
32	31	200
32	32	100
32	33	200
32	34	100
32	35	200
32	36	200
32	37	100
32	38	200
32	39	100
32	40	200
32	41	200
32	42	100
32	43	200
32	44	100
32	45	200
32	46	200
32	47	100
32	48	200
32	49	100
32	50	200
32	51	200
32	52	100
32	53	200
32	54	100
32	55	200
32	56	200
32	57	100
32	58	200
32	59	100
32	60	200
32	61	200
32	62	100
32	63	200
32	64	100
32	65	200
32	66	200
32	67	100
32	68	200
32	69	100
32	70	200
32	71	200
32	72	100
32	73	200
32	74	100
32	75	200
32	76	200
32	77	100
32	78	200
32	79	100
32	80	200
32	81	200
32	82	100
32	83	200
32	84	100
32	85	200
32	86	200
32	87	100
32	88	200
32	89	100
32	90	200
32	91	200
32	92	100
32	93	200
32	94	100
32	95	200
32	96	200
32	97	100
32	98	200
32	99	100
32	100	200
33	1	100
33	2	300
33	3	200
33	4	100
33	5	200
33	6	100
33	7	300
33	8	200
33	9	100
33	10	200
33	11	100
33	12	300
33	13	200
33	14	100
33	15	200
33	16	100
33	17	300
33	18	200
33	19	100
33	20	200
33	21	100
33	22	300
33	23	200
33	24	100
33	25	200
33	26	100
33	27	300
33	28	200
33	29	100
33	30	200
33	31	100
33	32	300
33	33	200
33	34	100
33	35	200
33	36	100
33	37	300
33	38	200
33	39	100
33	40	200
33	41	100
33	42	300
33	43	200
33	44	100
33	45	200
33	46	100
33	47	300
33	48	200
33	49	100
33	50	200
33	51	100
33	52	300
33	53	200
33	54	100
33	55	200
33	56	100
33	57	300
33	58	200
33	59	100
33	60	200
33	61	100
33	62	300
33	63	200
33	64	100
33	65	200
33	66	100
33	67	300
33	68	200
33	69	100
33	70	200
33	71	100
33	72	300
33	73	200
33	74	100
33	75	200
33	76	100
33	77	300
33	78	200
33	79	100
33	80	200
33	81	100
33	82	300
33	83	200
33	84	100
33	85	200
33	86	100
33	87	300
33	88	200
33	89	100
33	90	200
33	91	100
33	92	300
33	93	200
33	94	100
33	95	200
33	96	100
33	97	300
33	98	200
33	99	100
33	100	200
34	1	300
34	2	200
34	3	100
34	4	300
34	5	200
34	6	300
34	7	200
34	8	100
34	9	300
34	10	200
34	11	300
34	12	200
34	13	100
34	14	300
34	15	200
34	16	300
34	17	200
34	18	100
34	19	300
34	20	200
34	21	300
34	22	200
34	23	100
34	24	300
34	25	200
34	26	300
34	27	200
34	28	100
34	29	300
34	30	200
34	31	300
34	32	200
34	33	100
34	34	300
34	35	200
34	36	300
34	37	200
34	38	100
34	39	300
34	40	200
34	41	300
34	42	200
34	43	100
34	44	300
34	45	200
34	46	300
34	47	200
34	48	100
34	49	300
34	50	200
34	51	300
34	52	200
34	53	100
34	54	300
34	55	200
34	56	300
34	57	200
34	58	100
34	59	300
34	60	200
34	61	300
34	62	200
34	63	100
34	64	300
34	65	200
34	66	300
34	67	200
34	68	100
34	69	300
34	70	200
34	71	300
34	72	200
34	73	100
34	74	300
34	75	200
34	76	300
34	77	200
34	78	100
34	79	300
34	80	200
34	81	300
34	82	200
34	83	100
34	84	300
34	85	200
34	86	300
34	87	200
34	88	100
34	89	300
34	90	200
34	91	300
34	92	200
34	93	100
34	94	300
34	95	200
34	96	300
34	97	200
34	98	100
34	99	300
34	100	200
35	1	200
35	2	300
35	3	200
35	4	300
35	5	100
35	6	200
35	7	300
35	8	200
35	9	300
35	10	100
35	11	200
35	12	300
35	13	200
35	14	300
35	15	100
35	16	200
35	17	300
35	18	200
35	19	300
35	20	100
35	21	200
35	22	300
35	23	200
35	24	300
35	25	100
35	26	200
35	27	300
35	28	200
35	29	300
35	30	100
35	31	200
35	32	300
35	33	200
35	34	300
35	35	100
35	36	200
35	37	300
35	38	200
35	39	300
35	40	100
35	41	200
35	42	300
35	43	200
35	44	300
35	45	100
35	46	200
35	47	300
35	48	200
35	49	300
35	50	100
35	51	200
35	52	300
35	53	200
35	54	300
35	55	100
35	56	200
35	57	300
35	58	200
35	59	300
35	60	100
35	61	200
35	62	300
35	63	200
35	64	300
35	65	100
35	66	200
35	67	300
35	68	200
35	69	300
35	70	100
35	71	200
35	72	300
35	73	200
35	74	300
35	75	100
35	76	200
35	77	300
35	78	200
35	79	300
35	80	100
35	81	200
35	82	300
35	83	200
35	84	300
35	85	100
35	86	200
35	87	300
35	88	200
35	89	300
35	90	100
35	91	200
35	92	300
35	93	200
35	94	300
35	95	100
35	96	200
35	97	300
35	98	200
35	99	300
35	100	100
36	1	100
36	2	200
36	3	100
36	4	200
36	5	100
36	6	100
36	7	200
36	8	100
36	9	200
36	10	100
36	11	100
36	12	200
36	13	100
36	14	200
36	15	100
36	16	100
36	17	200
36	18	100
36	19	200
36	20	100
36	21	100
36	22	200
36	23	100
36	24	200
36	25	100
36	26	100
36	27	200
36	28	100
36	29	200
36	30	100
36	31	100
36	32	200
36	33	100
36	34	200
36	35	100
36	36	100
36	37	200
36	38	100
36	39	200
36	40	100
36	41	100
36	42	200
36	43	100
36	44	200
36	45	100
36	46	100
36	47	200
36	48	100
36	49	200
36	50	100
36	51	100
36	52	200
36	53	100
36	54	200
36	55	100
36	56	100
36	57	200
36	58	100
36	59	200
36	60	100
36	61	100
36	62	200
36	63	100
36	64	200
36	65	100
36	66	100
36	67	200
36	68	100
36	69	200
36	70	100
36	71	100
36	72	200
36	73	100
36	74	200
36	75	100
36	76	100
36	77	200
36	78	100
36	79	200
36	80	100
36	81	100
36	82	200
36	83	100
36	84	200
36	85	100
36	86	100
36	87	200
36	88	100
36	89	200
36	90	100
36	91	100
36	92	200
36	93	100
36	94	200
36	95	100
36	96	100
36	97	200
36	98	100
36	99	200
36	100	100
37	1	200
37	2	100
37	3	200
37	4	100
37	5	200
37	6	200
37	7	100
37	8	200
37	9	100
37	10	200
37	11	200
37	12	100
37	13	200
37	14	100
37	15	200
37	16	200
37	17	100
37	18	200
37	19	100
37	20	200
37	21	200
37	22	100
37	23	200
37	24	100
37	25	200
37	26	200
37	27	100
37	28	200
37	29	100
37	30	200
37	31	200
37	32	100
37	33	200
37	34	100
37	35	200
37	36	200
37	37	100
37	38	200
37	39	100
37	40	200
37	41	200
37	42	100
37	43	200
37	44	100
37	45	200
37	46	200
37	47	100
37	48	200
37	49	100
37	50	200
37	51	200
37	52	100
37	53	200
37	54	100
37	55	200
37	56	200
37	57	100
37	58	200
37	59	100
37	60	200
37	61	200
37	62	100
37	63	200
37	64	100
37	65	200
37	66	200
37	67	100
37	68	200
37	69	100
37	70	200
37	71	200
37	72	100
37	73	200
37	74	100
37	75	200
37	76	200
37	77	100
37	78	200
37	79	100
37	80	200
37	81	200
37	82	100
37	83	200
37	84	100
37	85	200
37	86	200
37	87	100
37	88	200
37	89	100
37	90	200
37	91	200
37	92	100
37	93	200
37	94	100
37	95	200
37	96	200
37	97	100
37	98	200
37	99	100
37	100	200
38	1	100
38	2	300
38	3	200
38	4	100
38	5	200
38	6	100
38	7	300
38	8	200
38	9	100
38	10	200
38	11	100
38	12	300
38	13	200
38	14	100
38	15	200
38	16	100
38	17	300
38	18	200
38	19	100
38	20	200
38	21	100
38	22	300
38	23	200
38	24	100
38	25	200
38	26	100
38	27	300
38	28	200
38	29	100
38	30	200
38	31	100
38	32	300
38	33	200
38	34	100
38	35	200
38	36	100
38	37	300
38	38	200
38	39	100
38	40	200
38	41	100
38	42	300
38	43	200
38	44	100
38	45	200
38	46	100
38	47	300
38	48	200
38	49	100
38	50	200
38	51	100
38	52	300
38	53	200
38	54	100
38	55	200
38	56	100
38	57	300
38	58	200
38	59	100
38	60	200
38	61	100
38	62	300
38	63	200
38	64	100
38	65	200
38	66	100
38	67	300
38	68	200
38	69	100
38	70	200
38	71	100
38	72	300
38	73	200
38	74	100
38	75	200
38	76	100
38	77	300
38	78	200
38	79	100
38	80	200
38	81	100
38	82	300
38	83	200
38	84	100
38	85	200
38	86	100
38	87	300
38	88	200
38	89	100
38	90	200
38	91	100
38	92	300
38	93	200
38	94	100
38	95	200
38	96	100
38	97	300
38	98	200
38	99	100
38	100	200
39	1	300
39	2	200
39	3	100
39	4	300
39	5	200
39	6	300
39	7	200
39	8	100
39	9	300
39	10	200
39	11	300
39	12	200
39	13	100
39	14	300
39	15	200
39	16	300
39	17	200
39	18	100
39	19	300
39	20	200
39	21	300
39	22	200
39	23	100
39	24	300
39	25	200
39	26	300
39	27	200
39	28	100
39	29	300
39	30	200
39	31	300
39	32	200
39	33	100
39	34	300
39	35	200
39	36	300
39	37	200
39	38	100
39	39	300
39	40	200
39	41	300
39	42	200
39	43	100
39	44	300
39	45	200
39	46	300
39	47	200
39	48	100
39	49	300
39	50	200
39	51	300
39	52	200
39	53	100
39	54	300
39	55	200
39	56	300
39	57	200
39	58	100
39	59	300
39	60	200
39	61	300
39	62	200
39	63	100
39	64	300
39	65	200
39	66	300
39	67	200
39	68	100
39	69	300
39	70	200
39	71	300
39	72	200
39	73	100
39	74	300
39	75	200
39	76	300
39	77	200
39	78	100
39	79	300
39	80	200
39	81	300
39	82	200
39	83	100
39	84	300
39	85	200
39	86	300
39	87	200
39	88	100
39	89	300
39	90	200
39	91	300
39	92	200
39	93	100
39	94	300
39	95	200
39	96	300
39	97	200
39	98	100
39	99	300
39	100	200
40	1	200
40	2	300
40	3	200
40	4	300
40	5	100
40	6	200
40	7	300
40	8	200
40	9	300
40	10	100
40	11	200
40	12	300
40	13	200
40	14	300
40	15	100
40	16	200
40	17	300
40	18	200
40	19	300
40	20	100
40	21	200
40	22	300
40	23	200
40	24	300
40	25	100
40	26	200
40	27	300
40	28	200
40	29	300
40	30	100
40	31	200
40	32	300
40	33	200
40	34	300
40	35	100
40	36	200
40	37	300
40	38	200
40	39	300
40	40	100
40	41	200
40	42	300
40	43	200
40	44	300
40	45	100
40	46	200
40	47	300
40	48	200
40	49	300
40	50	100
40	51	200
40	52	300
40	53	200
40	54	300
40	55	100
40	56	200
40	57	300
40	58	200
40	59	300
40	60	100
40	61	200
40	62	300
40	63	200
40	64	300
40	65	100
40	66	200
40	67	300
40	68	200
40	69	300
40	70	100
40	71	200
40	72	300
40	73	200
40	74	300
40	75	100
40	76	200
40	77	300
40	78	200
40	79	300
40	80	100
40	81	200
40	82	300
40	83	200
40	84	300
40	85	100
40	86	200
40	87	300
40	88	200
40	89	300
40	90	100
40	91	200
40	92	300
40	93	200
40	94	300
40	95	100
40	96	200
40	97	300
40	98	200
40	99	300
40	100	100
41	1	100
41	2	200
41	3	100
41	4	200
41	5	100
41	6	100
41	7	200
41	8	100
41	9	200
41	10	100
41	11	100
41	12	200
41	13	100
41	14	200
41	15	100
41	16	100
41	17	200
41	18	100
41	19	200
41	20	100
41	21	100
41	22	200
41	23	100
41	24	200
41	25	100
41	26	100
41	27	200
41	28	100
41	29	200
41	30	100
41	31	100
41	32	200
41	33	100
41	34	200
41	35	100
41	36	100
41	37	200
41	38	100
41	39	200
41	40	100
41	41	100
41	42	200
41	43	100
41	44	200
41	45	100
41	46	100
41	47	200
41	48	100
41	49	200
41	50	100
41	51	100
41	52	200
41	53	100
41	54	200
41	55	100
41	56	100
41	57	200
41	58	100
41	59	200
41	60	100
41	61	100
41	62	200
41	63	100
41	64	200
41	65	100
41	66	100
41	67	200
41	68	100
41	69	200
41	70	100
41	71	100
41	72	200
41	73	100
41	74	200
41	75	100
41	76	100
41	77	200
41	78	100
41	79	200
41	80	100
41	81	100
41	82	200
41	83	100
41	84	200
41	85	100
41	86	100
41	87	200
41	88	100
41	89	200
41	90	100
41	91	100
41	92	200
41	93	100
41	94	200
41	95	100
41	96	100
41	97	200
41	98	100
41	99	200
41	100	100
42	1	200
42	2	100
42	3	200
42	4	100
42	5	200
42	6	200
42	7	100
42	8	200
42	9	100
42	10	200
42	11	200
42	12	100
42	13	200
42	14	100
42	15	200
42	16	200
42	17	100
42	18	200
42	19	100
42	20	200
42	21	200
42	22	100
42	23	200
42	24	100
42	25	200
42	26	200
42	27	100
42	28	200
42	29	100
42	30	200
42	31	200
42	32	100
42	33	200
42	34	100
42	35	200
42	36	200
42	37	100
42	38	200
42	39	100
42	40	200
42	41	200
42	42	100
42	43	200
42	44	100
42	45	200
42	46	200
42	47	100
42	48	200
42	49	100
42	50	200
42	51	200
42	52	100
42	53	200
42	54	100
42	55	200
42	56	200
42	57	100
42	58	200
42	59	100
42	60	200
42	61	200
42	62	100
42	63	200
42	64	100
42	65	200
42	66	200
42	67	100
42	68	200
42	69	100
42	70	200
42	71	200
42	72	100
42	73	200
42	74	100
42	75	200
42	76	200
42	77	100
42	78	200
42	79	100
42	80	200
42	81	200
42	82	100
42	83	200
42	84	100
42	85	200
42	86	200
42	87	100
42	88	200
42	89	100
42	90	200
42	91	200
42	92	100
42	93	200
42	94	100
42	95	200
42	96	200
42	97	100
42	98	200
42	99	100
42	100	200
43	1	100
43	2	300
43	3	200
43	4	100
43	5	200
43	6	100
43	7	300
43	8	200
43	9	100
43	10	200
43	11	100
43	12	300
43	13	200
43	14	100
43	15	200
43	16	100
43	17	300
43	18	200
43	19	100
43	20	200
43	21	100
43	22	300
43	23	200
43	24	100
43	25	200
43	26	100
43	27	300
43	28	200
43	29	100
43	30	200
43	31	100
43	32	300
43	33	200
43	34	100
43	35	200
43	36	100
43	37	300
43	38	200
43	39	100
43	40	200
43	41	100
43	42	300
43	43	200
43	44	100
43	45	200
43	46	100
43	47	300
43	48	200
43	49	100
43	50	200
43	51	100
43	52	300
43	53	200
43	54	100
43	55	200
43	56	100
43	57	300
43	58	200
43	59	100
43	60	200
43	61	100
43	62	300
43	63	200
43	64	100
43	65	200
43	66	100
43	67	300
43	68	200
43	69	100
43	70	200
43	71	100
43	72	300
43	73	200
43	74	100
43	75	200
43	76	100
43	77	300
43	78	200
43	79	100
43	80	200
43	81	100
43	82	300
43	83	200
43	84	100
43	85	200
43	86	100
43	87	300
43	88	200
43	89	100
43	90	200
43	91	100
43	92	300
43	93	200
43	94	100
43	95	200
43	96	100
43	97	300
43	98	200
43	99	100
43	100	200
44	1	300
44	2	200
44	3	100
44	4	300
44	5	200
44	6	300
44	7	200
44	8	100
44	9	300
44	10	200
44	11	300
44	12	200
44	13	100
44	14	300
44	15	200
44	16	300
44	17	200
44	18	100
44	19	300
44	20	200
44	21	300
44	22	200
44	23	100
44	24	300
44	25	200
44	26	300
44	27	200
44	28	100
44	29	300
44	30	200
44	31	300
44	32	200
44	33	100
44	34	300
44	35	200
44	36	300
44	37	200
44	38	100
44	39	300
44	40	200
44	41	300
44	42	200
44	43	100
44	44	300
44	45	200
44	46	300
44	47	200
44	48	100
44	49	300
44	50	200
44	51	300
44	52	200
44	53	100
44	54	300
44	55	200
44	56	300
44	57	200
44	58	100
44	59	300
44	60	200
44	61	300
44	62	200
44	63	100
44	64	300
44	65	200
44	66	300
44	67	200
44	68	100
44	69	300
44	70	200
44	71	300
44	72	200
44	73	100
44	74	300
44	75	200
44	76	300
44	77	200
44	78	100
44	79	300
44	80	200
44	81	300
44	82	200
44	83	100
44	84	300
44	85	200
44	86	300
44	87	200
44	88	100
44	89	300
44	90	200
44	91	300
44	92	200
44	93	100
44	94	300
44	95	200
44	96	300
44	97	200
44	98	100
44	99	300
44	100	200
45	1	200
45	2	300
45	3	200
45	4	300
45	5	100
45	6	200
45	7	300
45	8	200
45	9	300
45	10	100
45	11	200
45	12	300
45	13	200
45	14	300
45	15	100
45	16	200
45	17	300
45	18	200
45	19	300
45	20	100
45	21	200
45	22	300
45	23	200
45	24	300
45	25	100
45	26	200
45	27	300
45	28	200
45	29	300
45	30	100
45	31	200
45	32	300
45	33	200
45	34	300
45	35	100
45	36	200
45	37	300
45	38	200
45	39	300
45	40	100
45	41	200
45	42	300
45	43	200
45	44	300
45	45	100
45	46	200
45	47	300
45	48	200
45	49	300
45	50	100
45	51	200
45	52	300
45	53	200
45	54	300
45	55	100
45	56	200
45	57	300
45	58	200
45	59	300
45	60	100
45	61	200
45	62	300
45	63	200
45	64	300
45	65	100
45	66	200
45	67	300
45	68	200
45	69	300
45	70	100
45	71	200
45	72	300
45	73	200
45	74	300
45	75	100
45	76	200
45	77	300
45	78	200
45	79	300
45	80	100
45	81	200
45	82	300
45	83	200
45	84	300
45	85	100
45	86	200
45	87	300
45	88	200
45	89	300
45	90	100
45	91	200
45	92	300
45	93	200
45	94	300
45	95	100
45	96	200
45	97	300
45	98	200
45	99	300
45	100	100
46	1	100
46	2	200
46	3	100
46	4	200
46	5	100
46	6	100
46	7	200
46	8	100
46	9	200
46	10	100
46	11	100
46	12	200
46	13	100
46	14	200
46	15	100
46	16	100
46	17	200
46	18	100
46	19	200
46	20	100
46	21	100
46	22	200
46	23	100
46	24	200
46	25	100
46	26	100
46	27	200
46	28	100
46	29	200
46	30	100
46	31	100
46	32	200
46	33	100
46	34	200
46	35	100
46	36	100
46	37	200
46	38	100
46	39	200
46	40	100
46	41	100
46	42	200
46	43	100
46	44	200
46	45	100
46	46	100
46	47	200
46	48	100
46	49	200
46	50	100
46	51	100
46	52	200
46	53	100
46	54	200
46	55	100
46	56	100
46	57	200
46	58	100
46	59	200
46	60	100
46	61	100
46	62	200
46	63	100
46	64	200
46	65	100
46	66	100
46	67	200
46	68	100
46	69	200
46	70	100
46	71	100
46	72	200
46	73	100
46	74	200
46	75	100
46	76	100
46	77	200
46	78	100
46	79	200
46	80	100
46	81	100
46	82	200
46	83	100
46	84	200
46	85	100
46	86	100
46	87	200
46	88	100
46	89	200
46	90	100
46	91	100
46	92	200
46	93	100
46	94	200
46	95	100
46	96	100
46	97	200
46	98	100
46	99	200
46	100	100
47	1	200
47	2	100
47	3	200
47	4	100
47	5	200
47	6	200
47	7	100
47	8	200
47	9	100
47	10	200
47	11	200
47	12	100
47	13	200
47	14	100
47	15	200
47	16	200
47	17	100
47	18	200
47	19	100
47	20	200
47	21	200
47	22	100
47	23	200
47	24	100
47	25	200
47	26	200
47	27	100
47	28	200
47	29	100
47	30	200
47	31	200
47	32	100
47	33	200
47	34	100
47	35	200
47	36	200
47	37	100
47	38	200
47	39	100
47	40	200
47	41	200
47	42	100
47	43	200
47	44	100
47	45	200
47	46	200
47	47	100
47	48	200
47	49	100
47	50	200
47	51	200
47	52	100
47	53	200
47	54	100
47	55	200
47	56	200
47	57	100
47	58	200
47	59	100
47	60	200
47	61	200
47	62	100
47	63	200
47	64	100
47	65	200
47	66	200
47	67	100
47	68	200
47	69	100
47	70	200
47	71	200
47	72	100
47	73	200
47	74	100
47	75	200
47	76	200
47	77	100
47	78	200
47	79	100
47	80	200
47	81	200
47	82	100
47	83	200
47	84	100
47	85	200
47	86	200
47	87	100
47	88	200
47	89	100
47	90	200
47	91	200
47	92	100
47	93	200
47	94	100
47	95	200
47	96	200
47	97	100
47	98	200
47	99	100
47	100	200
48	1	100
48	2	300
48	3	200
48	4	100
48	5	200
48	6	100
48	7	300
48	8	200
48	9	100
48	10	200
48	11	100
48	12	300
48	13	200
48	14	100
48	15	200
48	16	100
48	17	300
48	18	200
48	19	100
48	20	200
48	21	100
48	22	300
48	23	200
48	24	100
48	25	200
48	26	100
48	27	300
48	28	200
48	29	100
48	30	200
48	31	100
48	32	300
48	33	200
48	34	100
48	35	200
48	36	100
48	37	300
48	38	200
48	39	100
48	40	200
48	41	100
48	42	300
48	43	200
48	44	100
48	45	200
48	46	100
48	47	300
48	48	200
48	49	100
48	50	200
48	51	100
48	52	300
48	53	200
48	54	100
48	55	200
48	56	100
48	57	300
48	58	200
48	59	100
48	60	200
48	61	100
48	62	300
48	63	200
48	64	100
48	65	200
48	66	100
48	67	300
48	68	200
48	69	100
48	70	200
48	71	100
48	72	300
48	73	200
48	74	100
48	75	200
48	76	100
48	77	300
48	78	200
48	79	100
48	80	200
48	81	100
48	82	300
48	83	200
48	84	100
48	85	200
48	86	100
48	87	300
48	88	200
48	89	100
48	90	200
48	91	100
48	92	300
48	93	200
48	94	100
48	95	200
48	96	100
48	97	300
48	98	200
48	99	100
48	100	200
49	1	300
49	2	200
49	3	100
49	4	300
49	5	200
49	6	300
49	7	200
49	8	100
49	9	300
49	10	200
49	11	300
49	12	200
49	13	100
49	14	300
49	15	200
49	16	300
49	17	200
49	18	100
49	19	300
49	20	200
49	21	300
49	22	200
49	23	100
49	24	300
49	25	200
49	26	300
49	27	200
49	28	100
49	29	300
49	30	200
49	31	300
49	32	200
49	33	100
49	34	300
49	35	200
49	36	300
49	37	200
49	38	100
49	39	300
49	40	200
49	41	300
49	42	200
49	43	100
49	44	300
49	45	200
49	46	300
49	47	200
49	48	100
49	49	300
49	50	200
49	51	300
49	52	200
49	53	100
49	54	300
49	55	200
49	56	300
49	57	200
49	58	100
49	59	300
49	60	200
49	61	300
49	62	200
49	63	100
49	64	300
49	65	200
49	66	300
49	67	200
49	68	100
49	69	300
49	70	200
49	71	300
49	72	200
49	73	100
49	74	300
49	75	200
49	76	300
49	77	200
49	78	100
49	79	300
49	80	200
49	81	300
49	82	200
49	83	100
49	84	300
49	85	200
49	86	300
49	87	200
49	88	100
49	89	300
49	90	200
49	91	300
49	92	200
49	93	100
49	94	300
49	95	200
49	96	300
49	97	200
49	98	100
49	99	300
49	100	200
50	1	200
50	2	300
50	3	200
50	4	300
50	5	100
50	6	200
50	7	300
50	8	200
50	9	300
50	10	100
50	11	200
50	12	300
50	13	200
50	14	300
50	15	100
50	16	200
50	17	300
50	18	200
50	19	300
50	20	100
50	21	200
50	22	300
50	23	200
50	24	300
50	25	100
50	26	200
50	27	300
50	28	200
50	29	300
50	30	100
50	31	200
50	32	300
50	33	200
50	34	300
50	35	100
50	36	200
50	37	300
50	38	200
50	39	300
50	40	100
50	41	200
50	42	300
50	43	200
50	44	300
50	45	100
50	46	200
50	47	300
50	48	200
50	49	300
50	50	100
50	51	200
50	52	300
50	53	200
50	54	300
50	55	100
50	56	200
50	57	300
50	58	200
50	59	300
50	60	100
50	61	200
50	62	300
50	63	200
50	64	300
50	65	100
50	66	200
50	67	300
50	68	200
50	69	300
50	70	100
50	71	200
50	72	300
50	73	200
50	74	300
50	75	100
50	76	200
50	77	300
50	78	200
50	79	300
50	80	100
50	81	200
50	82	300
50	83	200
50	84	300
50	85	100
50	86	200
50	87	300
50	88	200
50	89	300
50	90	100
50	91	200
50	92	300
50	93	200
50	94	300
50	95	100
50	96	200
50	97	300
50	98	200
50	99	300
50	100	100
51	1	100
51	2	200
51	3	100
51	4	200
51	5	100
51	6	100
51	7	200
51	8	100
51	9	200
51	10	100
51	11	100
51	12	200
51	13	100
51	14	200
51	15	100
51	16	100
51	17	200
51	18	100
51	19	200
51	20	100
51	21	100
51	22	200
51	23	100
51	24	200
51	25	100
51	26	100
51	27	200
51	28	100
51	29	200
51	30	100
51	31	100
51	32	200
51	33	100
51	34	200
51	35	100
51	36	100
51	37	200
51	38	100
51	39	200
51	40	100
51	41	100
51	42	200
51	43	100
51	44	200
51	45	100
51	46	100
51	47	200
51	48	100
51	49	200
51	50	100
51	51	100
51	52	200
51	53	100
51	54	200
51	55	100
51	56	100
51	57	200
51	58	100
51	59	200
51	60	100
51	61	100
51	62	200
51	63	100
51	64	200
51	65	100
51	66	100
51	67	200
51	68	100
51	69	200
51	70	100
51	71	100
51	72	200
51	73	100
51	74	200
51	75	100
51	76	100
51	77	200
51	78	100
51	79	200
51	80	100
51	81	100
51	82	200
51	83	100
51	84	200
51	85	100
51	86	100
51	87	200
51	88	100
51	89	200
51	90	100
51	91	100
51	92	200
51	93	100
51	94	200
51	95	100
51	96	100
51	97	200
51	98	100
51	99	200
51	100	100
52	1	200
52	2	100
52	3	200
52	4	100
52	5	200
52	6	200
52	7	100
52	8	200
52	9	100
52	10	200
52	11	200
52	12	100
52	13	200
52	14	100
52	15	200
52	16	200
52	17	100
52	18	200
52	19	100
52	20	200
52	21	200
52	22	100
52	23	200
52	24	100
52	25	200
52	26	200
52	27	100
52	28	200
52	29	100
52	30	200
52	31	200
52	32	100
52	33	200
52	34	100
52	35	200
52	36	200
52	37	100
52	38	200
52	39	100
52	40	200
52	41	200
52	42	100
52	43	200
52	44	100
52	45	200
52	46	200
52	47	100
52	48	200
52	49	100
52	50	200
52	51	200
52	52	100
52	53	200
52	54	100
52	55	200
52	56	200
52	57	100
52	58	200
52	59	100
52	60	200
52	61	200
52	62	100
52	63	200
52	64	100
52	65	200
52	66	200
52	67	100
52	68	200
52	69	100
52	70	200
52	71	200
52	72	100
52	73	200
52	74	100
52	75	200
52	76	200
52	77	100
52	78	200
52	79	100
52	80	200
52	81	200
52	82	100
52	83	200
52	84	100
52	85	200
52	86	200
52	87	100
52	88	200
52	89	100
52	90	200
52	91	200
52	92	100
52	93	200
52	94	100
52	95	200
52	96	200
52	97	100
52	98	200
52	99	100
52	100	200
53	1	100
53	2	300
53	3	200
53	4	100
53	5	200
53	6	100
53	7	300
53	8	200
53	9	100
53	10	200
53	11	100
53	12	300
53	13	200
53	14	100
53	15	200
53	16	100
53	17	300
53	18	200
53	19	100
53	20	200
53	21	100
53	22	300
53	23	200
53	24	100
53	25	200
53	26	100
53	27	300
53	28	200
53	29	100
53	30	200
53	31	100
53	32	300
53	33	200
53	34	100
53	35	200
53	36	100
53	37	300
53	38	200
53	39	100
53	40	200
53	41	100
53	42	300
53	43	200
53	44	100
53	45	200
53	46	100
53	47	300
53	48	200
53	49	100
53	50	200
53	51	100
53	52	300
53	53	200
53	54	100
53	55	200
53	56	100
53	57	300
53	58	200
53	59	100
53	60	200
53	61	100
53	62	300
53	63	200
53	64	100
53	65	200
53	66	100
53	67	300
53	68	200
53	69	100
53	70	200
53	71	100
53	72	300
53	73	200
53	74	100
53	75	200
53	76	100
53	77	300
53	78	200
53	79	100
53	80	200
53	81	100
53	82	300
53	83	200
53	84	100
53	85	200
53	86	100
53	87	300
53	88	200
53	89	100
53	90	200
53	91	100
53	92	300
53	93	200
53	94	100
53	95	200
53	96	100
53	97	300
53	98	200
53	99	100
53	100	200
54	1	300
54	2	200
54	3	100
54	4	300
54	5	200
54	6	300
54	7	200
54	8	100
54	9	300
54	10	200
54	11	300
54	12	200
54	13	100
54	14	300
54	15	200
54	16	300
54	17	200
54	18	100
54	19	300
54	20	200
54	21	300
54	22	200
54	23	100
54	24	300
54	25	200
54	26	300
54	27	200
54	28	100
54	29	300
54	30	200
54	31	300
54	32	200
54	33	100
54	34	300
54	35	200
54	36	300
54	37	200
54	38	100
54	39	300
54	40	200
54	41	300
54	42	200
54	43	100
54	44	300
54	45	200
54	46	300
54	47	200
54	48	100
54	49	300
54	50	200
54	51	300
54	52	200
54	53	100
54	54	300
54	55	200
54	56	300
54	57	200
54	58	100
54	59	300
54	60	200
54	61	300
54	62	200
54	63	100
54	64	300
54	65	200
54	66	300
54	67	200
54	68	100
54	69	300
54	70	200
54	71	300
54	72	200
54	73	100
54	74	300
54	75	200
54	76	300
54	77	200
54	78	100
54	79	300
54	80	200
54	81	300
54	82	200
54	83	100
54	84	300
54	85	200
54	86	300
54	87	200
54	88	100
54	89	300
54	90	200
54	91	300
54	92	200
54	93	100
54	94	300
54	95	200
54	96	300
54	97	200
54	98	100
54	99	300
54	100	200
55	1	200
55	2	300
55	3	200
55	4	300
55	5	100
55	6	200
55	7	300
55	8	200
55	9	300
55	10	100
55	11	200
55	12	300
55	13	200
55	14	300
55	15	100
55	16	200
55	17	300
55	18	200
55	19	300
55	20	100
55	21	200
55	22	300
55	23	200
55	24	300
55	25	100
55	26	200
55	27	300
55	28	200
55	29	300
55	30	100
55	31	200
55	32	300
55	33	200
55	34	300
55	35	100
55	36	200
55	37	300
55	38	200
55	39	300
55	40	100
55	41	200
55	42	300
55	43	200
55	44	300
55	45	100
55	46	200
55	47	300
55	48	200
55	49	300
55	50	100
55	51	200
55	52	300
55	53	200
55	54	300
55	55	100
55	56	200
55	57	300
55	58	200
55	59	300
55	60	100
55	61	200
55	62	300
55	63	200
55	64	300
55	65	100
55	66	200
55	67	300
55	68	200
55	69	300
55	70	100
55	71	200
55	72	300
55	73	200
55	74	300
55	75	100
55	76	200
55	77	300
55	78	200
55	79	300
55	80	100
55	81	200
55	82	300
55	83	200
55	84	300
55	85	100
55	86	200
55	87	300
55	88	200
55	89	300
55	90	100
55	91	200
55	92	300
55	93	200
55	94	300
55	95	100
55	96	200
55	97	300
55	98	200
55	99	300
55	100	100
56	1	100
56	2	200
56	3	100
56	4	200
56	5	100
56	6	100
56	7	200
56	8	100
56	9	200
56	10	100
56	11	100
56	12	200
56	13	100
56	14	200
56	15	100
56	16	100
56	17	200
56	18	100
56	19	200
56	20	100
56	21	100
56	22	200
56	23	100
56	24	200
56	25	100
56	26	100
56	27	200
56	28	100
56	29	200
56	30	100
56	31	100
56	32	200
56	33	100
56	34	200
56	35	100
56	36	100
56	37	200
56	38	100
56	39	200
56	40	100
56	41	100
56	42	200
56	43	100
56	44	200
56	45	100
56	46	100
56	47	200
56	48	100
56	49	200
56	50	100
56	51	100
56	52	200
56	53	100
56	54	200
56	55	100
56	56	100
56	57	200
56	58	100
56	59	200
56	60	100
56	61	100
56	62	200
56	63	100
56	64	200
56	65	100
56	66	100
56	67	200
56	68	100
56	69	200
56	70	100
56	71	100
56	72	200
56	73	100
56	74	200
56	75	100
56	76	100
56	77	200
56	78	100
56	79	200
56	80	100
56	81	100
56	82	200
56	83	100
56	84	200
56	85	100
56	86	100
56	87	200
56	88	100
56	89	200
56	90	100
56	91	100
56	92	200
56	93	100
56	94	200
56	95	100
56	96	100
56	97	200
56	98	100
56	99	200
56	100	100
57	1	200
57	2	100
57	3	200
57	4	100
57	5	200
57	6	200
57	7	100
57	8	200
57	9	100
57	10	200
57	11	200
57	12	100
57	13	200
57	14	100
57	15	200
57	16	200
57	17	100
57	18	200
57	19	100
57	20	200
57	21	200
57	22	100
57	23	200
57	24	100
57	25	200
57	26	200
57	27	100
57	28	200
57	29	100
57	30	200
57	31	200
57	32	100
57	33	200
57	34	100
57	35	200
57	36	200
57	37	100
57	38	200
57	39	100
57	40	200
57	41	200
57	42	100
57	43	200
57	44	100
57	45	200
57	46	200
57	47	100
57	48	200
57	49	100
57	50	200
57	51	200
57	52	100
57	53	200
57	54	100
57	55	200
57	56	200
57	57	100
57	58	200
57	59	100
57	60	200
57	61	200
57	62	100
57	63	200
57	64	100
57	65	200
57	66	200
57	67	100
57	68	200
57	69	100
57	70	200
57	71	200
57	72	100
57	73	200
57	74	100
57	75	200
57	76	200
57	77	100
57	78	200
57	79	100
57	80	200
57	81	200
57	82	100
57	83	200
57	84	100
57	85	200
57	86	200
57	87	100
57	88	200
57	89	100
57	90	200
57	91	200
57	92	100
57	93	200
57	94	100
57	95	200
57	96	200
57	97	100
57	98	200
57	99	100
57	100	200
58	1	100
58	2	300
58	3	200
58	4	100
58	5	200
58	6	100
58	7	300
58	8	200
58	9	100
58	10	200
58	11	100
58	12	300
58	13	200
58	14	100
58	15	200
58	16	100
58	17	300
58	18	200
58	19	100
58	20	200
58	21	100
58	22	300
58	23	200
58	24	100
58	25	200
58	26	100
58	27	300
58	28	200
58	29	100
58	30	200
58	31	100
58	32	300
58	33	200
58	34	100
58	35	200
58	36	100
58	37	300
58	38	200
58	39	100
58	40	200
58	41	100
58	42	300
58	43	200
58	44	100
58	45	200
58	46	100
58	47	300
58	48	200
58	49	100
58	50	200
58	51	100
58	52	300
58	53	200
58	54	100
58	55	200
58	56	100
58	57	300
58	58	200
58	59	100
58	60	200
58	61	100
58	62	300
58	63	200
58	64	100
58	65	200
58	66	100
58	67	300
58	68	200
58	69	100
58	70	200
58	71	100
58	72	300
58	73	200
58	74	100
58	75	200
58	76	100
58	77	300
58	78	200
58	79	100
58	80	200
58	81	100
58	82	300
58	83	200
58	84	100
58	85	200
58	86	100
58	87	300
58	88	200
58	89	100
58	90	200
58	91	100
58	92	300
58	93	200
58	94	100
58	95	200
58	96	100
58	97	300
58	98	200
58	99	100
58	100	200
59	1	300
59	2	200
59	3	100
59	4	300
59	5	200
59	6	300
59	7	200
59	8	100
59	9	300
59	10	200
59	11	300
59	12	200
59	13	100
59	14	300
59	15	200
59	16	300
59	17	200
59	18	100
59	19	300
59	20	200
59	21	300
59	22	200
59	23	100
59	24	300
59	25	200
59	26	300
59	27	200
59	28	100
59	29	300
59	30	200
59	31	300
59	32	200
59	33	100
59	34	300
59	35	200
59	36	300
59	37	200
59	38	100
59	39	300
59	40	200
59	41	300
59	42	200
59	43	100
59	44	300
59	45	200
59	46	300
59	47	200
59	48	100
59	49	300
59	50	200
59	51	300
59	52	200
59	53	100
59	54	300
59	55	200
59	56	300
59	57	200
59	58	100
59	59	300
59	60	200
59	61	300
59	62	200
59	63	100
59	64	300
59	65	200
59	66	300
59	67	200
59	68	100
59	69	300
59	70	200
59	71	300
59	72	200
59	73	100
59	74	300
59	75	200
59	76	300
59	77	200
59	78	100
59	79	300
59	80	200
59	81	300
59	82	200
59	83	100
59	84	300
59	85	200
59	86	300
59	87	200
59	88	100
59	89	300
59	90	200
59	91	300
59	92	200
59	93	100
59	94	300
59	95	200
59	96	300
59	97	200
59	98	100
59	99	300
59	100	200
60	1	200
60	2	300
60	3	200
60	4	300
60	5	100
60	6	200
60	7	300
60	8	200
60	9	300
60	10	100
60	11	200
60	12	300
60	13	200
60	14	300
60	15	100
60	16	200
60	17	300
60	18	200
60	19	300
60	20	100
60	21	200
60	22	300
60	23	200
60	24	300
60	25	100
60	26	200
60	27	300
60	28	200
60	29	300
60	30	100
60	31	200
60	32	300
60	33	200
60	34	300
60	35	100
60	36	200
60	37	300
60	38	200
60	39	300
60	40	100
60	41	200
60	42	300
60	43	200
60	44	300
60	45	100
60	46	200
60	47	300
60	48	200
60	49	300
60	50	100
60	51	200
60	52	300
60	53	200
60	54	300
60	55	100
60	56	200
60	57	300
60	58	200
60	59	300
60	60	100
60	61	200
60	62	300
60	63	200
60	64	300
60	65	100
60	66	200
60	67	300
60	68	200
60	69	300
60	70	100
60	71	200
60	72	300
60	73	200
60	74	300
60	75	100
60	76	200
60	77	300
60	78	200
60	79	300
60	80	100
60	81	200
60	82	300
60	83	200
60	84	300
60	85	100
60	86	200
60	87	300
60	88	200
60	89	300
60	90	100
60	91	200
60	92	300
60	93	200
60	94	300
60	95	100
60	96	200
60	97	300
60	98	200
60	99	300
60	100	100
61	1	100
61	2	200
61	3	100
61	4	200
61	5	100
61	6	100
61	7	200
61	8	100
61	9	200
61	10	100
61	11	100
61	12	200
61	13	100
61	14	200
61	15	100
61	16	100
61	17	200
61	18	100
61	19	200
61	20	100
61	21	100
61	22	200
61	23	100
61	24	200
61	25	100
61	26	100
61	27	200
61	28	100
61	29	200
61	30	100
61	31	100
61	32	200
61	33	100
61	34	200
61	35	100
61	36	100
61	37	200
61	38	100
61	39	200
61	40	100
61	41	100
61	42	200
61	43	100
61	44	200
61	45	100
61	46	100
61	47	200
61	48	100
61	49	200
61	50	100
61	51	100
61	52	200
61	53	100
61	54	200
61	55	100
61	56	100
61	57	200
61	58	100
61	59	200
61	60	100
61	61	100
61	62	200
61	63	100
61	64	200
61	65	100
61	66	100
61	67	200
61	68	100
61	69	200
61	70	100
61	71	100
61	72	200
61	73	100
61	74	200
61	75	100
61	76	100
61	77	200
61	78	100
61	79	200
61	80	100
61	81	100
61	82	200
61	83	100
61	84	200
61	85	100
61	86	100
61	87	200
61	88	100
61	89	200
61	90	100
61	91	100
61	92	200
61	93	100
61	94	200
61	95	100
61	96	100
61	97	200
61	98	100
61	99	200
61	100	100
62	1	200
62	2	100
62	3	200
62	4	100
62	5	200
62	6	200
62	7	100
62	8	200
62	9	100
62	10	200
62	11	200
62	12	100
62	13	200
62	14	100
62	15	200
62	16	200
62	17	100
62	18	200
62	19	100
62	20	200
62	21	200
62	22	100
62	23	200
62	24	100
62	25	200
62	26	200
62	27	100
62	28	200
62	29	100
62	30	200
62	31	200
62	32	100
62	33	200
62	34	100
62	35	200
62	36	200
62	37	100
62	38	200
62	39	100
62	40	200
62	41	200
62	42	100
62	43	200
62	44	100
62	45	200
62	46	200
62	47	100
62	48	200
62	49	100
62	50	200
62	51	200
62	52	100
62	53	200
62	54	100
62	55	200
62	56	200
62	57	100
62	58	200
62	59	100
62	60	200
62	61	200
62	62	100
62	63	200
62	64	100
62	65	200
62	66	200
62	67	100
62	68	200
62	69	100
62	70	200
62	71	200
62	72	100
62	73	200
62	74	100
62	75	200
62	76	200
62	77	100
62	78	200
62	79	100
62	80	200
62	81	200
62	82	100
62	83	200
62	84	100
62	85	200
62	86	200
62	87	100
62	88	200
62	89	100
62	90	200
62	91	200
62	92	100
62	93	200
62	94	100
62	95	200
62	96	200
62	97	100
62	98	200
62	99	100
62	100	200
63	1	100
63	2	300
63	3	200
63	4	100
63	5	200
63	6	100
63	7	300
63	8	200
63	9	100
63	10	200
63	11	100
63	12	300
63	13	200
63	14	100
63	15	200
63	16	100
63	17	300
63	18	200
63	19	100
63	20	200
63	21	100
63	22	300
63	23	200
63	24	100
63	25	200
63	26	100
63	27	300
63	28	200
63	29	100
63	30	200
63	31	100
63	32	300
63	33	200
63	34	100
63	35	200
63	36	100
63	37	300
63	38	200
63	39	100
63	40	200
63	41	100
63	42	300
63	43	200
63	44	100
63	45	200
63	46	100
63	47	300
63	48	200
63	49	100
63	50	200
63	51	100
63	52	300
63	53	200
63	54	100
63	55	200
63	56	100
63	57	300
63	58	200
63	59	100
63	60	200
63	61	100
63	62	300
63	63	200
63	64	100
63	65	200
63	66	100
63	67	300
63	68	200
63	69	100
63	70	200
63	71	100
63	72	300
63	73	200
63	74	100
63	75	200
63	76	100
63	77	300
63	78	200
63	79	100
63	80	200
63	81	100
63	82	300
63	83	200
63	84	100
63	85	200
63	86	100
63	87	300
63	88	200
63	89	100
63	90	200
63	91	100
63	92	300
63	93	200
63	94	100
63	95	200
63	96	100
63	97	300
63	98	200
63	99	100
63	100	200
64	1	300
64	2	200
64	3	100
64	4	300
64	5	200
64	6	300
64	7	200
64	8	100
64	9	300
64	10	200
64	11	300
64	12	200
64	13	100
64	14	300
64	15	200
64	16	300
64	17	200
64	18	100
64	19	300
64	20	200
64	21	300
64	22	200
64	23	100
64	24	300
64	25	200
64	26	300
64	27	200
64	28	100
64	29	300
64	30	200
64	31	300
64	32	200
64	33	100
64	34	300
64	35	200
64	36	300
64	37	200
64	38	100
64	39	300
64	40	200
64	41	300
64	42	200
64	43	100
64	44	300
64	45	200
64	46	300
64	47	200
64	48	100
64	49	300
64	50	200
64	51	300
64	52	200
64	53	100
64	54	300
64	55	200
64	56	300
64	57	200
64	58	100
64	59	300
64	60	200
64	61	300
64	62	200
64	63	100
64	64	300
64	65	200
64	66	300
64	67	200
64	68	100
64	69	300
64	70	200
64	71	300
64	72	200
64	73	100
64	74	300
64	75	200
64	76	300
64	77	200
64	78	100
64	79	300
64	80	200
64	81	300
64	82	200
64	83	100
64	84	300
64	85	200
64	86	300
64	87	200
64	88	100
64	89	300
64	90	200
64	91	300
64	92	200
64	93	100
64	94	300
64	95	200
64	96	300
64	97	200
64	98	100
64	99	300
64	100	200
65	1	200
65	2	300
65	3	200
65	4	300
65	5	100
65	6	200
65	7	300
65	8	200
65	9	300
65	10	100
65	11	200
65	12	300
65	13	200
65	14	300
65	15	100
65	16	200
65	17	300
65	18	200
65	19	300
65	20	100
65	21	200
65	22	300
65	23	200
65	24	300
65	25	100
65	26	200
65	27	300
65	28	200
65	29	300
65	30	100
65	31	200
65	32	300
65	33	200
65	34	300
65	35	100
65	36	200
65	37	300
65	38	200
65	39	300
65	40	100
65	41	200
65	42	300
65	43	200
65	44	300
65	45	100
65	46	200
65	47	300
65	48	200
65	49	300
65	50	100
65	51	200
65	52	300
65	53	200
65	54	300
65	55	100
65	56	200
65	57	300
65	58	200
65	59	300
65	60	100
65	61	200
65	62	300
65	63	200
65	64	300
65	65	100
65	66	200
65	67	300
65	68	200
65	69	300
65	70	100
65	71	200
65	72	300
65	73	200
65	74	300
65	75	100
65	76	200
65	77	300
65	78	200
65	79	300
65	80	100
65	81	200
65	82	300
65	83	200
65	84	300
65	85	100
65	86	200
65	87	300
65	88	200
65	89	300
65	90	100
65	91	200
65	92	300
65	93	200
65	94	300
65	95	100
65	96	200
65	97	300
65	98	200
65	99	300
65	100	100
66	1	100
66	2	200
66	3	100
66	4	200
66	5	100
66	6	100
66	7	200
66	8	100
66	9	200
66	10	100
66	11	100
66	12	200
66	13	100
66	14	200
66	15	100
66	16	100
66	17	200
66	18	100
66	19	200
66	20	100
66	21	100
66	22	200
66	23	100
66	24	200
66	25	100
66	26	100
66	27	200
66	28	100
66	29	200
66	30	100
66	31	100
66	32	200
66	33	100
66	34	200
66	35	100
66	36	100
66	37	200
66	38	100
66	39	200
66	40	100
66	41	100
66	42	200
66	43	100
66	44	200
66	45	100
66	46	100
66	47	200
66	48	100
66	49	200
66	50	100
66	51	100
66	52	200
66	53	100
66	54	200
66	55	100
66	56	100
66	57	200
66	58	100
66	59	200
66	60	100
66	61	100
66	62	200
66	63	100
66	64	200
66	65	100
66	66	100
66	67	200
66	68	100
66	69	200
66	70	100
66	71	100
66	72	200
66	73	100
66	74	200
66	75	100
66	76	100
66	77	200
66	78	100
66	79	200
66	80	100
66	81	100
66	82	200
66	83	100
66	84	200
66	85	100
66	86	100
66	87	200
66	88	100
66	89	200
66	90	100
66	91	100
66	92	200
66	93	100
66	94	200
66	95	100
66	96	100
66	97	200
66	98	100
66	99	200
66	100	100
67	1	200
67	2	100
67	3	200
67	4	100
67	5	200
67	6	200
67	7	100
67	8	200
67	9	100
67	10	200
67	11	200
67	12	100
67	13	200
67	14	100
67	15	200
67	16	200
67	17	100
67	18	200
67	19	100
67	20	200
67	21	200
67	22	100
67	23	200
67	24	100
67	25	200
67	26	200
67	27	100
67	28	200
67	29	100
67	30	200
67	31	200
67	32	100
67	33	200
67	34	100
67	35	200
67	36	200
67	37	100
67	38	200
67	39	100
67	40	200
67	41	200
67	42	100
67	43	200
67	44	100
67	45	200
67	46	200
67	47	100
67	48	200
67	49	100
67	50	200
67	51	200
67	52	100
67	53	200
67	54	100
67	55	200
67	56	200
67	57	100
67	58	200
67	59	100
67	60	200
67	61	200
67	62	100
67	63	200
67	64	100
67	65	200
67	66	200
67	67	100
67	68	200
67	69	100
67	70	200
67	71	200
67	72	100
67	73	200
67	74	100
67	75	200
67	76	200
67	77	100
67	78	200
67	79	100
67	80	200
67	81	200
67	82	100
67	83	200
67	84	100
67	85	200
67	86	200
67	87	100
67	88	200
67	89	100
67	90	200
67	91	200
67	92	100
67	93	200
67	94	100
67	95	200
67	96	200
67	97	100
67	98	200
67	99	100
67	100	200
68	1	100
68	2	300
68	3	200
68	4	100
68	5	200
68	6	100
68	7	300
68	8	200
68	9	100
68	10	200
68	11	100
68	12	300
68	13	200
68	14	100
68	15	200
68	16	100
68	17	300
68	18	200
68	19	100
68	20	200
68	21	100
68	22	300
68	23	200
68	24	100
68	25	200
68	26	100
68	27	300
68	28	200
68	29	100
68	30	200
68	31	100
68	32	300
68	33	200
68	34	100
68	35	200
68	36	100
68	37	300
68	38	200
68	39	100
68	40	200
68	41	100
68	42	300
68	43	200
68	44	100
68	45	200
68	46	100
68	47	300
68	48	200
68	49	100
68	50	200
68	51	100
68	52	300
68	53	200
68	54	100
68	55	200
68	56	100
68	57	300
68	58	200
68	59	100
68	60	200
68	61	100
68	62	300
68	63	200
68	64	100
68	65	200
68	66	100
68	67	300
68	68	200
68	69	100
68	70	200
68	71	100
68	72	300
68	73	200
68	74	100
68	75	200
68	76	100
68	77	300
68	78	200
68	79	100
68	80	200
68	81	100
68	82	300
68	83	200
68	84	100
68	85	200
68	86	100
68	87	300
68	88	200
68	89	100
68	90	200
68	91	100
68	92	300
68	93	200
68	94	100
68	95	200
68	96	100
68	97	300
68	98	200
68	99	100
68	100	200
69	1	300
69	2	200
69	3	100
69	4	300
69	5	200
69	6	300
69	7	200
69	8	100
69	9	300
69	10	200
69	11	300
69	12	200
69	13	100
69	14	300
69	15	200
69	16	300
69	17	200
69	18	100
69	19	300
69	20	200
69	21	300
69	22	200
69	23	100
69	24	300
69	25	200
69	26	300
69	27	200
69	28	100
69	29	300
69	30	200
69	31	300
69	32	200
69	33	100
69	34	300
69	35	200
69	36	300
69	37	200
69	38	100
69	39	300
69	40	200
69	41	300
69	42	200
69	43	100
69	44	300
69	45	200
69	46	300
69	47	200
69	48	100
69	49	300
69	50	200
69	51	300
69	52	200
69	53	100
69	54	300
69	55	200
69	56	300
69	57	200
69	58	100
69	59	300
69	60	200
69	61	300
69	62	200
69	63	100
69	64	300
69	65	200
69	66	300
69	67	200
69	68	100
69	69	300
69	70	200
69	71	300
69	72	200
69	73	100
69	74	300
69	75	200
69	76	300
69	77	200
69	78	100
69	79	300
69	80	200
69	81	300
69	82	200
69	83	100
69	84	300
69	85	200
69	86	300
69	87	200
69	88	100
69	89	300
69	90	200
69	91	300
69	92	200
69	93	100
69	94	300
69	95	200
69	96	300
69	97	200
69	98	100
69	99	300
69	100	200
70	1	200
70	2	300
70	3	200
70	4	300
70	5	100
70	6	200
70	7	300
70	8	200
70	9	300
70	10	100
70	11	200
70	12	300
70	13	200
70	14	300
70	15	100
70	16	200
70	17	300
70	18	200
70	19	300
70	20	100
70	21	200
70	22	300
70	23	200
70	24	300
70	25	100
70	26	200
70	27	300
70	28	200
70	29	300
70	30	100
70	31	200
70	32	300
70	33	200
70	34	300
70	35	100
70	36	200
70	37	300
70	38	200
70	39	300
70	40	100
70	41	200
70	42	300
70	43	200
70	44	300
70	45	100
70	46	200
70	47	300
70	48	200
70	49	300
70	50	100
70	51	200
70	52	300
70	53	200
70	54	300
70	55	100
70	56	200
70	57	300
70	58	200
70	59	300
70	60	100
70	61	200
70	62	300
70	63	200
70	64	300
70	65	100
70	66	200
70	67	300
70	68	200
70	69	300
70	70	100
70	71	200
70	72	300
70	73	200
70	74	300
70	75	100
70	76	200
70	77	300
70	78	200
70	79	300
70	80	100
70	81	200
70	82	300
70	83	200
70	84	300
70	85	100
70	86	200
70	87	300
70	88	200
70	89	300
70	90	100
70	91	200
70	92	300
70	93	200
70	94	300
70	95	100
70	96	200
70	97	300
70	98	200
70	99	300
70	100	100
71	1	100
71	2	200
71	3	100
71	4	200
71	5	100
71	6	100
71	7	200
71	8	100
71	9	200
71	10	100
71	11	100
71	12	200
71	13	100
71	14	200
71	15	100
71	16	100
71	17	200
71	18	100
71	19	200
71	20	100
71	21	100
71	22	200
71	23	100
71	24	200
71	25	100
71	26	100
71	27	200
71	28	100
71	29	200
71	30	100
71	31	100
71	32	200
71	33	100
71	34	200
71	35	100
71	36	100
71	37	200
71	38	100
71	39	200
71	40	100
71	41	100
71	42	200
71	43	100
71	44	200
71	45	100
71	46	100
71	47	200
71	48	100
71	49	200
71	50	100
71	51	100
71	52	200
71	53	100
71	54	200
71	55	100
71	56	100
71	57	200
71	58	100
71	59	200
71	60	100
71	61	100
71	62	200
71	63	100
71	64	200
71	65	100
71	66	100
71	67	200
71	68	100
71	69	200
71	70	100
71	71	100
71	72	200
71	73	100
71	74	200
71	75	100
71	76	100
71	77	200
71	78	100
71	79	200
71	80	100
71	81	100
71	82	200
71	83	100
71	84	200
71	85	100
71	86	100
71	87	200
71	88	100
71	89	200
71	90	100
71	91	100
71	92	200
71	93	100
71	94	200
71	95	100
71	96	100
71	97	200
71	98	100
71	99	200
71	100	100
72	1	200
72	2	100
72	3	200
72	4	100
72	5	200
72	6	200
72	7	100
72	8	200
72	9	100
72	10	200
72	11	200
72	12	100
72	13	200
72	14	100
72	15	200
72	16	200
72	17	100
72	18	200
72	19	100
72	20	200
72	21	200
72	22	100
72	23	200
72	24	100
72	25	200
72	26	200
72	27	100
72	28	200
72	29	100
72	30	200
72	31	200
72	32	100
72	33	200
72	34	100
72	35	200
72	36	200
72	37	100
72	38	200
72	39	100
72	40	200
72	41	200
72	42	100
72	43	200
72	44	100
72	45	200
72	46	200
72	47	100
72	48	200
72	49	100
72	50	200
72	51	200
72	52	100
72	53	200
72	54	100
72	55	200
72	56	200
72	57	100
72	58	200
72	59	100
72	60	200
72	61	200
72	62	100
72	63	200
72	64	100
72	65	200
72	66	200
72	67	100
72	68	200
72	69	100
72	70	200
72	71	200
72	72	100
72	73	200
72	74	100
72	75	200
72	76	200
72	77	100
72	78	200
72	79	100
72	80	200
72	81	200
72	82	100
72	83	200
72	84	100
72	85	200
72	86	200
72	87	100
72	88	200
72	89	100
72	90	200
72	91	200
72	92	100
72	93	200
72	94	100
72	95	200
72	96	200
72	97	100
72	98	200
72	99	100
72	100	200
73	1	100
73	2	300
73	3	200
73	4	100
73	5	200
73	6	100
73	7	300
73	8	200
73	9	100
73	10	200
73	11	100
73	12	300
73	13	200
73	14	100
73	15	200
73	16	100
73	17	300
73	18	200
73	19	100
73	20	200
73	21	100
73	22	300
73	23	200
73	24	100
73	25	200
73	26	100
73	27	300
73	28	200
73	29	100
73	30	200
73	31	100
73	32	300
73	33	200
73	34	100
73	35	200
73	36	100
73	37	300
73	38	200
73	39	100
73	40	200
73	41	100
73	42	300
73	43	200
73	44	100
73	45	200
73	46	100
73	47	300
73	48	200
73	49	100
73	50	200
73	51	100
73	52	300
73	53	200
73	54	100
73	55	200
73	56	100
73	57	300
73	58	200
73	59	100
73	60	200
73	61	100
73	62	300
73	63	200
73	64	100
73	65	200
73	66	100
73	67	300
73	68	200
73	69	100
73	70	200
73	71	100
73	72	300
73	73	200
73	74	100
73	75	200
73	76	100
73	77	300
73	78	200
73	79	100
73	80	200
73	81	100
73	82	300
73	83	200
73	84	100
73	85	200
73	86	100
73	87	300
73	88	200
73	89	100
73	90	200
73	91	100
73	92	300
73	93	200
73	94	100
73	95	200
73	96	100
73	97	300
73	98	200
73	99	100
73	100	200
74	1	300
74	2	200
74	3	100
74	4	300
74	5	200
74	6	300
74	7	200
74	8	100
74	9	300
74	10	200
74	11	300
74	12	200
74	13	100
74	14	300
74	15	200
74	16	300
74	17	200
74	18	100
74	19	300
74	20	200
74	21	300
74	22	200
74	23	100
74	24	300
74	25	200
74	26	300
74	27	200
74	28	100
74	29	300
74	30	200
74	31	300
74	32	200
74	33	100
74	34	300
74	35	200
74	36	300
74	37	200
74	38	100
74	39	300
74	40	200
74	41	300
74	42	200
74	43	100
74	44	300
74	45	200
74	46	300
74	47	200
74	48	100
74	49	300
74	50	200
74	51	300
74	52	200
74	53	100
74	54	300
74	55	200
74	56	300
74	57	200
74	58	100
74	59	300
74	60	200
74	61	300
74	62	200
74	63	100
74	64	300
74	65	200
74	66	300
74	67	200
74	68	100
74	69	300
74	70	200
74	71	300
74	72	200
74	73	100
74	74	300
74	75	200
74	76	300
74	77	200
74	78	100
74	79	300
74	80	200
74	81	300
74	82	200
74	83	100
74	84	300
74	85	200
74	86	300
74	87	200
74	88	100
74	89	300
74	90	200
74	91	300
74	92	200
74	93	100
74	94	300
74	95	200
74	96	300
74	97	200
74	98	100
74	99	300
74	100	200
75	1	200
75	2	300
75	3	200
75	4	300
75	5	100
75	6	200
75	7	300
75	8	200
75	9	300
75	10	100
75	11	200
75	12	300
75	13	200
75	14	300
75	15	100
75	16	200
75	17	300
75	18	200
75	19	300
75	20	100
75	21	200
75	22	300
75	23	200
75	24	300
75	25	100
75	26	200
75	27	300
75	28	200
75	29	300
75	30	100
75	31	200
75	32	300
75	33	200
75	34	300
75	35	100
75	36	200
75	37	300
75	38	200
75	39	300
75	40	100
75	41	200
75	42	300
75	43	200
75	44	300
75	45	100
75	46	200
75	47	300
75	48	200
75	49	300
75	50	100
75	51	200
75	52	300
75	53	200
75	54	300
75	55	100
75	56	200
75	57	300
75	58	200
75	59	300
75	60	100
75	61	200
75	62	300
75	63	200
75	64	300
75	65	100
75	66	200
75	67	300
75	68	200
75	69	300
75	70	100
75	71	200
75	72	300
75	73	200
75	74	300
75	75	100
75	76	200
75	77	300
75	78	200
75	79	300
75	80	100
75	81	200
75	82	300
75	83	200
75	84	300
75	85	100
75	86	200
75	87	300
75	88	200
75	89	300
75	90	100
75	91	200
75	92	300
75	93	200
75	94	300
75	95	100
75	96	200
75	97	300
75	98	200
75	99	300
75	100	100
76	1	100
76	2	200
76	3	100
76	4	200
76	5	100
76	6	100
76	7	200
76	8	100
76	9	200
76	10	100
76	11	100
76	12	200
76	13	100
76	14	200
76	15	100
76	16	100
76	17	200
76	18	100
76	19	200
76	20	100
76	21	100
76	22	200
76	23	100
76	24	200
76	25	100
76	26	100
76	27	200
76	28	100
76	29	200
76	30	100
76	31	100
76	32	200
76	33	100
76	34	200
76	35	100
76	36	100
76	37	200
76	38	100
76	39	200
76	40	100
76	41	100
76	42	200
76	43	100
76	44	200
76	45	100
76	46	100
76	47	200
76	48	100
76	49	200
76	50	100
76	51	100
76	52	200
76	53	100
76	54	200
76	55	100
76	56	100
76	57	200
76	58	100
76	59	200
76	60	100
76	61	100
76	62	200
76	63	100
76	64	200
76	65	100
76	66	100
76	67	200
76	68	100
76	69	200
76	70	100
76	71	100
76	72	200
76	73	100
76	74	200
76	75	100
76	76	100
76	77	200
76	78	100
76	79	200
76	80	100
76	81	100
76	82	200
76	83	100
76	84	200
76	85	100
76	86	100
76	87	200
76	88	100
76	89	200
76	90	100
76	91	100
76	92	200
76	93	100
76	94	200
76	95	100
76	96	100
76	97	200
76	98	100
76	99	200
76	100	100
77	1	200
77	2	100
77	3	200
77	4	100
77	5	200
77	6	200
77	7	100
77	8	200
77	9	100
77	10	200
77	11	200
77	12	100
77	13	200
77	14	100
77	15	200
77	16	200
77	17	100
77	18	200
77	19	100
77	20	200
77	21	200
77	22	100
77	23	200
77	24	100
77	25	200
77	26	200
77	27	100
77	28	200
77	29	100
77	30	200
77	31	200
77	32	100
77	33	200
77	34	100
77	35	200
77	36	200
77	37	100
77	38	200
77	39	100
77	40	200
77	41	200
77	42	100
77	43	200
77	44	100
77	45	200
77	46	200
77	47	100
77	48	200
77	49	100
77	50	200
77	51	200
77	52	100
77	53	200
77	54	100
77	55	200
77	56	200
77	57	100
77	58	200
77	59	100
77	60	200
77	61	200
77	62	100
77	63	200
77	64	100
77	65	200
77	66	200
77	67	100
77	68	200
77	69	100
77	70	200
77	71	200
77	72	100
77	73	200
77	74	100
77	75	200
77	76	200
77	77	100
77	78	200
77	79	100
77	80	200
77	81	200
77	82	100
77	83	200
77	84	100
77	85	200
77	86	200
77	87	100
77	88	200
77	89	100
77	90	200
77	91	200
77	92	100
77	93	200
77	94	100
77	95	200
77	96	200
77	97	100
77	98	200
77	99	100
77	100	200
78	1	100
78	2	300
78	3	200
78	4	100
78	5	200
78	6	100
78	7	300
78	8	200
78	9	100
78	10	200
78	11	100
78	12	300
78	13	200
78	14	100
78	15	200
78	16	100
78	17	300
78	18	200
78	19	100
78	20	200
78	21	100
78	22	300
78	23	200
78	24	100
78	25	200
78	26	100
78	27	300
78	28	200
78	29	100
78	30	200
78	31	100
78	32	300
78	33	200
78	34	100
78	35	200
78	36	100
78	37	300
78	38	200
78	39	100
78	40	200
78	41	100
78	42	300
78	43	200
78	44	100
78	45	200
78	46	100
78	47	300
78	48	200
78	49	100
78	50	200
78	51	100
78	52	300
78	53	200
78	54	100
78	55	200
78	56	100
78	57	300
78	58	200
78	59	100
78	60	200
78	61	100
78	62	300
78	63	200
78	64	100
78	65	200
78	66	100
78	67	300
78	68	200
78	69	100
78	70	200
78	71	100
78	72	300
78	73	200
78	74	100
78	75	200
78	76	100
78	77	300
78	78	200
78	79	100
78	80	200
78	81	100
78	82	300
78	83	200
78	84	100
78	85	200
78	86	100
78	87	300
78	88	200
78	89	100
78	90	200
78	91	100
78	92	300
78	93	200
78	94	100
78	95	200
78	96	100
78	97	300
78	98	200
78	99	100
78	100	200
79	1	300
79	2	200
79	3	100
79	4	300
79	5	200
79	6	300
79	7	200
79	8	100
79	9	300
79	10	200
79	11	300
79	12	200
79	13	100
79	14	300
79	15	200
79	16	300
79	17	200
79	18	100
79	19	300
79	20	200
79	21	300
79	22	200
79	23	100
79	24	300
79	25	200
79	26	300
79	27	200
79	28	100
79	29	300
79	30	200
79	31	300
79	32	200
79	33	100
79	34	300
79	35	200
79	36	300
79	37	200
79	38	100
79	39	300
79	40	200
79	41	300
79	42	200
79	43	100
79	44	300
79	45	200
79	46	300
79	47	200
79	48	100
79	49	300
79	50	200
79	51	300
79	52	200
79	53	100
79	54	300
79	55	200
79	56	300
79	57	200
79	58	100
79	59	300
79	60	200
79	61	300
79	62	200
79	63	100
79	64	300
79	65	200
79	66	300
79	67	200
79	68	100
79	69	300
79	70	200
79	71	300
79	72	200
79	73	100
79	74	300
79	75	200
79	76	300
79	77	200
79	78	100
79	79	300
79	80	200
79	81	300
79	82	200
79	83	100
79	84	300
79	85	200
79	86	300
79	87	200
79	88	100
79	89	300
79	90	200
79	91	300
79	92	200
79	93	100
79	94	300
79	95	200
79	96	300
79	97	200
79	98	100
79	99	300
79	100	200
80	1	200
80	2	300
80	3	200
80	4	300
80	5	100
80	6	200
80	7	300
80	8	200
80	9	300
80	10	100
80	11	200
80	12	300
80	13	200
80	14	300
80	15	100
80	16	200
80	17	300
80	18	200
80	19	300
80	20	100
80	21	200
80	22	300
80	23	200
80	24	300
80	25	100
80	26	200
80	27	300
80	28	200
80	29	300
80	30	100
80	31	200
80	32	300
80	33	200
80	34	300
80	35	100
80	36	200
80	37	300
80	38	200
80	39	300
80	40	100
80	41	200
80	42	300
80	43	200
80	44	300
80	45	100
80	46	200
80	47	300
80	48	200
80	49	300
80	50	100
80	51	200
80	52	300
80	53	200
80	54	300
80	55	100
80	56	200
80	57	300
80	58	200
80	59	300
80	60	100
80	61	200
80	62	300
80	63	200
80	64	300
80	65	100
80	66	200
80	67	300
80	68	200
80	69	300
80	70	100
80	71	200
80	72	300
80	73	200
80	74	300
80	75	100
80	76	200
80	77	300
80	78	200
80	79	300
80	80	100
80	81	200
80	82	300
80	83	200
80	84	300
80	85	100
80	86	200
80	87	300
80	88	200
80	89	300
80	90	100
80	91	200
80	92	300
80	93	200
80	94	300
80	95	100
80	96	200
80	97	300
80	98	200
80	99	300
80	100	100
81	1	100
81	2	200
81	3	100
81	4	200
81	5	100
81	6	100
81	7	200
81	8	100
81	9	200
81	10	100
81	11	100
81	12	200
81	13	100
81	14	200
81	15	100
81	16	100
81	17	200
81	18	100
81	19	200
81	20	100
81	21	100
81	22	200
81	23	100
81	24	200
81	25	100
81	26	100
81	27	200
81	28	100
81	29	200
81	30	100
81	31	100
81	32	200
81	33	100
81	34	200
81	35	100
81	36	100
81	37	200
81	38	100
81	39	200
81	40	100
81	41	100
81	42	200
81	43	100
81	44	200
81	45	100
81	46	100
81	47	200
81	48	100
81	49	200
81	50	100
81	51	100
81	52	200
81	53	100
81	54	200
81	55	100
81	56	100
81	57	200
81	58	100
81	59	200
81	60	100
81	61	100
81	62	200
81	63	100
81	64	200
81	65	100
81	66	100
81	67	200
81	68	100
81	69	200
81	70	100
81	71	100
81	72	200
81	73	100
81	74	200
81	75	100
81	76	100
81	77	200
81	78	100
81	79	200
81	80	100
81	81	100
81	82	200
81	83	100
81	84	200
81	85	100
81	86	100
81	87	200
81	88	100
81	89	200
81	90	100
81	91	100
81	92	200
81	93	100
81	94	200
81	95	100
81	96	100
81	97	200
81	98	100
81	99	200
81	100	100
82	1	200
82	2	100
82	3	200
82	4	100
82	5	200
82	6	200
82	7	100
82	8	200
82	9	100
82	10	200
82	11	200
82	12	100
82	13	200
82	14	100
82	15	200
82	16	200
82	17	100
82	18	200
82	19	100
82	20	200
82	21	200
82	22	100
82	23	200
82	24	100
82	25	200
82	26	200
82	27	100
82	28	200
82	29	100
82	30	200
82	31	200
82	32	100
82	33	200
82	34	100
82	35	200
82	36	200
82	37	100
82	38	200
82	39	100
82	40	200
82	41	200
82	42	100
82	43	200
82	44	100
82	45	200
82	46	200
82	47	100
82	48	200
82	49	100
82	50	200
82	51	200
82	52	100
82	53	200
82	54	100
82	55	200
82	56	200
82	57	100
82	58	200
82	59	100
82	60	200
82	61	200
82	62	100
82	63	200
82	64	100
82	65	200
82	66	200
82	67	100
82	68	200
82	69	100
82	70	200
82	71	200
82	72	100
82	73	200
82	74	100
82	75	200
82	76	200
82	77	100
82	78	200
82	79	100
82	80	200
82	81	200
82	82	100
82	83	200
82	84	100
82	85	200
82	86	200
82	87	100
82	88	200
82	89	100
82	90	200
82	91	200
82	92	100
82	93	200
82	94	100
82	95	200
82	96	200
82	97	100
82	98	200
82	99	100
82	100	200
83	1	100
83	2	300
83	3	200
83	4	100
83	5	200
83	6	100
83	7	300
83	8	200
83	9	100
83	10	200
83	11	100
83	12	300
83	13	200
83	14	100
83	15	200
83	16	100
83	17	300
83	18	200
83	19	100
83	20	200
83	21	100
83	22	300
83	23	200
83	24	100
83	25	200
83	26	100
83	27	300
83	28	200
83	29	100
83	30	200
83	31	100
83	32	300
83	33	200
83	34	100
83	35	200
83	36	100
83	37	300
83	38	200
83	39	100
83	40	200
83	41	100
83	42	300
83	43	200
83	44	100
83	45	200
83	46	100
83	47	300
83	48	200
83	49	100
83	50	200
83	51	100
83	52	300
83	53	200
83	54	100
83	55	200
83	56	100
83	57	300
83	58	200
83	59	100
83	60	200
83	61	100
83	62	300
83	63	200
83	64	100
83	65	200
83	66	100
83	67	300
83	68	200
83	69	100
83	70	200
83	71	100
83	72	300
83	73	200
83	74	100
83	75	200
83	76	100
83	77	300
83	78	200
83	79	100
83	80	200
83	81	100
83	82	300
83	83	200
83	84	100
83	85	200
83	86	100
83	87	300
83	88	200
83	89	100
83	90	200
83	91	100
83	92	300
83	93	200
83	94	100
83	95	200
83	96	100
83	97	300
83	98	200
83	99	100
83	100	200
84	1	300
84	2	200
84	3	100
84	4	300
84	5	200
84	6	300
84	7	200
84	8	100
84	9	300
84	10	200
84	11	300
84	12	200
84	13	100
84	14	300
84	15	200
84	16	300
84	17	200
84	18	100
84	19	300
84	20	200
84	21	300
84	22	200
84	23	100
84	24	300
84	25	200
84	26	300
84	27	200
84	28	100
84	29	300
84	30	200
84	31	300
84	32	200
84	33	100
84	34	300
84	35	200
84	36	300
84	37	200
84	38	100
84	39	300
84	40	200
84	41	300
84	42	200
84	43	100
84	44	300
84	45	200
84	46	300
84	47	200
84	48	100
84	49	300
84	50	200
84	51	300
84	52	200
84	53	100
84	54	300
84	55	200
84	56	300
84	57	200
84	58	100
84	59	300
84	60	200
84	61	300
84	62	200
84	63	100
84	64	300
84	65	200
84	66	300
84	67	200
84	68	100
84	69	300
84	70	200
84	71	300
84	72	200
84	73	100
84	74	300
84	75	200
84	76	300
84	77	200
84	78	100
84	79	300
84	80	200
84	81	300
84	82	200
84	83	100
84	84	300
84	85	200
84	86	300
84	87	200
84	88	100
84	89	300
84	90	200
84	91	300
84	92	200
84	93	100
84	94	300
84	95	200
84	96	300
84	97	200
84	98	100
84	99	300
84	100	200
85	1	200
85	2	300
85	3	200
85	4	300
85	5	100
85	6	200
85	7	300
85	8	200
85	9	300
85	10	100
85	11	200
85	12	300
85	13	200
85	14	300
85	15	100
85	16	200
85	17	300
85	18	200
85	19	300
85	20	100
85	21	200
85	22	300
85	23	200
85	24	300
85	25	100
85	26	200
85	27	300
85	28	200
85	29	300
85	30	100
85	31	200
85	32	300
85	33	200
85	34	300
85	35	100
85	36	200
85	37	300
85	38	200
85	39	300
85	40	100
85	41	200
85	42	300
85	43	200
85	44	300
85	45	100
85	46	200
85	47	300
85	48	200
85	49	300
85	50	100
85	51	200
85	52	300
85	53	200
85	54	300
85	55	100
85	56	200
85	57	300
85	58	200
85	59	300
85	60	100
85	61	200
85	62	300
85	63	200
85	64	300
85	65	100
85	66	200
85	67	300
85	68	200
85	69	300
85	70	100
85	71	200
85	72	300
85	73	200
85	74	300
85	75	100
85	76	200
85	77	300
85	78	200
85	79	300
85	80	100
85	81	200
85	82	300
85	83	200
85	84	300
85	85	100
85	86	200
85	87	300
85	88	200
85	89	300
85	90	100
85	91	200
85	92	300
85	93	200
85	94	300
85	95	100
85	96	200
85	97	300
85	98	200
85	99	300
85	100	100
86	1	100
86	2	200
86	3	100
86	4	200
86	5	100
86	6	100
86	7	200
86	8	100
86	9	200
86	10	100
86	11	100
86	12	200
86	13	100
86	14	200
86	15	100
86	16	100
86	17	200
86	18	100
86	19	200
86	20	100
86	21	100
86	22	200
86	23	100
86	24	200
86	25	100
86	26	100
86	27	200
86	28	100
86	29	200
86	30	100
86	31	100
86	32	200
86	33	100
86	34	200
86	35	100
86	36	100
86	37	200
86	38	100
86	39	200
86	40	100
86	41	100
86	42	200
86	43	100
86	44	200
86	45	100
86	46	100
86	47	200
86	48	100
86	49	200
86	50	100
86	51	100
86	52	200
86	53	100
86	54	200
86	55	100
86	56	100
86	57	200
86	58	100
86	59	200
86	60	100
86	61	100
86	62	200
86	63	100
86	64	200
86	65	100
86	66	100
86	67	200
86	68	100
86	69	200
86	70	100
86	71	100
86	72	200
86	73	100
86	74	200
86	75	100
86	76	100
86	77	200
86	78	100
86	79	200
86	80	100
86	81	100
86	82	200
86	83	100
86	84	200
86	85	100
86	86	100
86	87	200
86	88	100
86	89	200
86	90	100
86	91	100
86	92	200
86	93	100
86	94	200
86	95	100
86	96	100
86	97	200
86	98	100
86	99	200
86	100	100
87	1	200
87	2	100
87	3	200
87	4	100
87	5	200
87	6	200
87	7	100
87	8	200
87	9	100
87	10	200
87	11	200
87	12	100
87	13	200
87	14	100
87	15	200
87	16	200
87	17	100
87	18	200
87	19	100
87	20	200
87	21	200
87	22	100
87	23	200
87	24	100
87	25	200
87	26	200
87	27	100
87	28	200
87	29	100
87	30	200
87	31	200
87	32	100
87	33	200
87	34	100
87	35	200
87	36	200
87	37	100
87	38	200
87	39	100
87	40	200
87	41	200
87	42	100
87	43	200
87	44	100
87	45	200
87	46	200
87	47	100
87	48	200
87	49	100
87	50	200
87	51	200
87	52	100
87	53	200
87	54	100
87	55	200
87	56	200
87	57	100
87	58	200
87	59	100
87	60	200
87	61	200
87	62	100
87	63	200
87	64	100
87	65	200
87	66	200
87	67	100
87	68	200
87	69	100
87	70	200
87	71	200
87	72	100
87	73	200
87	74	100
87	75	200
87	76	200
87	77	100
87	78	200
87	79	100
87	80	200
87	81	200
87	82	100
87	83	200
87	84	100
87	85	200
87	86	200
87	87	100
87	88	200
87	89	100
87	90	200
87	91	200
87	92	100
87	93	200
87	94	100
87	95	200
87	96	200
87	97	100
87	98	200
87	99	100
87	100	200
88	1	100
88	2	300
88	3	200
88	4	100
88	5	200
88	6	100
88	7	300
88	8	200
88	9	100
88	10	200
88	11	100
88	12	300
88	13	200
88	14	100
88	15	200
88	16	100
88	17	300
88	18	200
88	19	100
88	20	200
88	21	100
88	22	300
88	23	200
88	24	100
88	25	200
88	26	100
88	27	300
88	28	200
88	29	100
88	30	200
88	31	100
88	32	300
88	33	200
88	34	100
88	35	200
88	36	100
88	37	300
88	38	200
88	39	100
88	40	200
88	41	100
88	42	300
88	43	200
88	44	100
88	45	200
88	46	100
88	47	300
88	48	200
88	49	100
88	50	200
88	51	100
88	52	300
88	53	200
88	54	100
88	55	200
88	56	100
88	57	300
88	58	200
88	59	100
88	60	200
88	61	100
88	62	300
88	63	200
88	64	100
88	65	200
88	66	100
88	67	300
88	68	200
88	69	100
88	70	200
88	71	100
88	72	300
88	73	200
88	74	100
88	75	200
88	76	100
88	77	300
88	78	200
88	79	100
88	80	200
88	81	100
88	82	300
88	83	200
88	84	100
88	85	200
88	86	100
88	87	300
88	88	200
88	89	100
88	90	200
88	91	100
88	92	300
88	93	200
88	94	100
88	95	200
88	96	100
88	97	300
88	98	200
88	99	100
88	100	200
89	1	300
89	2	200
89	3	100
89	4	300
89	5	200
89	6	300
89	7	200
89	8	100
89	9	300
89	10	200
89	11	300
89	12	200
89	13	100
89	14	300
89	15	200
89	16	300
89	17	200
89	18	100
89	19	300
89	20	200
89	21	300
89	22	200
89	23	100
89	24	300
89	25	200
89	26	300
89	27	200
89	28	100
89	29	300
89	30	200
89	31	300
89	32	200
89	33	100
89	34	300
89	35	200
89	36	300
89	37	200
89	38	100
89	39	300
89	40	200
89	41	300
89	42	200
89	43	100
89	44	300
89	45	200
89	46	300
89	47	200
89	48	100
89	49	300
89	50	200
89	51	300
89	52	200
89	53	100
89	54	300
89	55	200
89	56	300
89	57	200
89	58	100
89	59	300
89	60	200
89	61	300
89	62	200
89	63	100
89	64	300
89	65	200
89	66	300
89	67	200
89	68	100
89	69	300
89	70	200
89	71	300
89	72	200
89	73	100
89	74	300
89	75	200
89	76	300
89	77	200
89	78	100
89	79	300
89	80	200
89	81	300
89	82	200
89	83	100
89	84	300
89	85	200
89	86	300
89	87	200
89	88	100
89	89	300
89	90	200
89	91	300
89	92	200
89	93	100
89	94	300
89	95	200
89	96	300
89	97	200
89	98	100
89	99	300
89	100	200
90	1	200
90	2	300
90	3	200
90	4	300
90	5	100
90	6	200
90	7	300
90	8	200
90	9	300
90	10	100
90	11	200
90	12	300
90	13	200
90	14	300
90	15	100
90	16	200
90	17	300
90	18	200
90	19	300
90	20	100
90	21	200
90	22	300
90	23	200
90	24	300
90	25	100
90	26	200
90	27	300
90	28	200
90	29	300
90	30	100
90	31	200
90	32	300
90	33	200
90	34	300
90	35	100
90	36	200
90	37	300
90	38	200
90	39	300
90	40	100
90	41	200
90	42	300
90	43	200
90	44	300
90	45	100
90	46	200
90	47	300
90	48	200
90	49	300
90	50	100
90	51	200
90	52	300
90	53	200
90	54	300
90	55	100
90	56	200
90	57	300
90	58	200
90	59	300
90	60	100
90	61	200
90	62	300
90	63	200
90	64	300
90	65	100
90	66	200
90	67	300
90	68	200
90	69	300
90	70	100
90	71	200
90	72	300
90	73	200
90	74	300
90	75	100
90	76	200
90	77	300
90	78	200
90	79	300
90	80	100
90	81	200
90	82	300
90	83	200
90	84	300
90	85	100
90	86	200
90	87	300
90	88	200
90	89	300
90	90	100
90	91	200
90	92	300
90	93	200
90	94	300
90	95	100
90	96	200
90	97	300
90	98	200
90	99	300
90	100	100
91	1	100
91	2	200
91	3	100
91	4	200
91	5	100
91	6	100
91	7	200
91	8	100
91	9	200
91	10	100
91	11	100
91	12	200
91	13	100
91	14	200
91	15	100
91	16	100
91	17	200
91	18	100
91	19	200
91	20	100
91	21	100
91	22	200
91	23	100
91	24	200
91	25	100
91	26	100
91	27	200
91	28	100
91	29	200
91	30	100
91	31	100
91	32	200
91	33	100
91	34	200
91	35	100
91	36	100
91	37	200
91	38	100
91	39	200
91	40	100
91	41	100
91	42	200
91	43	100
91	44	200
91	45	100
91	46	100
91	47	200
91	48	100
91	49	200
91	50	100
91	51	100
91	52	200
91	53	100
91	54	200
91	55	100
91	56	100
91	57	200
91	58	100
91	59	200
91	60	100
91	61	100
91	62	200
91	63	100
91	64	200
91	65	100
91	66	100
91	67	200
91	68	100
91	69	200
91	70	100
91	71	100
91	72	200
91	73	100
91	74	200
91	75	100
91	76	100
91	77	200
91	78	100
91	79	200
91	80	100
91	81	100
91	82	200
91	83	100
91	84	200
91	85	100
91	86	100
91	87	200
91	88	100
91	89	200
91	90	100
91	91	100
91	92	200
91	93	100
91	94	200
91	95	100
91	96	100
91	97	200
91	98	100
91	99	200
91	100	100
92	1	200
92	2	100
92	3	200
92	4	100
92	5	200
92	6	200
92	7	100
92	8	200
92	9	100
92	10	200
92	11	200
92	12	100
92	13	200
92	14	100
92	15	200
92	16	200
92	17	100
92	18	200
92	19	100
92	20	200
92	21	200
92	22	100
92	23	200
92	24	100
92	25	200
92	26	200
92	27	100
92	28	200
92	29	100
92	30	200
92	31	200
92	32	100
92	33	200
92	34	100
92	35	200
92	36	200
92	37	100
92	38	200
92	39	100
92	40	200
92	41	200
92	42	100
92	43	200
92	44	100
92	45	200
92	46	200
92	47	100
92	48	200
92	49	100
92	50	200
92	51	200
92	52	100
92	53	200
92	54	100
92	55	200
92	56	200
92	57	100
92	58	200
92	59	100
92	60	200
92	61	200
92	62	100
92	63	200
92	64	100
92	65	200
92	66	200
92	67	100
92	68	200
92	69	100
92	70	200
92	71	200
92	72	100
92	73	200
92	74	100
92	75	200
92	76	200
92	77	100
92	78	200
92	79	100
92	80	200
92	81	200
92	82	100
92	83	200
92	84	100
92	85	200
92	86	200
92	87	100
92	88	200
92	89	100
92	90	200
92	91	200
92	92	100
92	93	200
92	94	100
92	95	200
92	96	200
92	97	100
92	98	200
92	99	100
92	100	200
93	1	100
93	2	300
93	3	200
93	4	100
93	5	200
93	6	100
93	7	300
93	8	200
93	9	100
93	10	200
93	11	100
93	12	300
93	13	200
93	14	100
93	15	200
93	16	100
93	17	300
93	18	200
93	19	100
93	20	200
93	21	100
93	22	300
93	23	200
93	24	100
93	25	200
93	26	100
93	27	300
93	28	200
93	29	100
93	30	200
93	31	100
93	32	300
93	33	200
93	34	100
93	35	200
93	36	100
93	37	300
93	38	200
93	39	100
93	40	200
93	41	100
93	42	300
93	43	200
93	44	100
93	45	200
93	46	100
93	47	300
93	48	200
93	49	100
93	50	200
93	51	100
93	52	300
93	53	200
93	54	100
93	55	200
93	56	100
93	57	300
93	58	200
93	59	100
93	60	200
93	61	100
93	62	300
93	63	200
93	64	100
93	65	200
93	66	100
93	67	300
93	68	200
93	69	100
93	70	200
93	71	100
93	72	300
93	73	200
93	74	100
93	75	200
93	76	100
93	77	300
93	78	200
93	79	100
93	80	200
93	81	100
93	82	300
93	83	200
93	84	100
93	85	200
93	86	100
93	87	300
93	88	200
93	89	100
93	90	200
93	91	100
93	92	300
93	93	200
93	94	100
93	95	200
93	96	100
93	97	300
93	98	200
93	99	100
93	100	200
94	1	300
94	2	200
94	3	100
94	4	300
94	5	200
94	6	300
94	7	200
94	8	100
94	9	300
94	10	200
94	11	300
94	12	200
94	13	100
94	14	300
94	15	200
94	16	300
94	17	200
94	18	100
94	19	300
94	20	200
94	21	300
94	22	200
94	23	100
94	24	300
94	25	200
94	26	300
94	27	200
94	28	100
94	29	300
94	30	200
94	31	300
94	32	200
94	33	100
94	34	300
94	35	200
94	36	300
94	37	200
94	38	100
94	39	300
94	40	200
94	41	300
94	42	200
94	43	100
94	44	300
94	45	200
94	46	300
94	47	200
94	48	100
94	49	300
94	50	200
94	51	300
94	52	200
94	53	100
94	54	300
94	55	200
94	56	300
94	57	200
94	58	100
94	59	300
94	60	200
94	61	300
94	62	200
94	63	100
94	64	300
94	65	200
94	66	300
94	67	200
94	68	100
94	69	300
94	70	200
94	71	300
94	72	200
94	73	100
94	74	300
94	75	200
94	76	300
94	77	200
94	78	100
94	79	300
94	80	200
94	81	300
94	82	200
94	83	100
94	84	300
94	85	200
94	86	300
94	87	200
94	88	100
94	89	300
94	90	200
94	91	300
94	92	200
94	93	100
94	94	300
94	95	200
94	96	300
94	97	200
94	98	100
94	99	300
94	100	200
95	1	200
95	2	300
95	3	200
95	4	300
95	5	100
95	6	200
95	7	300
95	8	200
95	9	300
95	10	100
95	11	200
95	12	300
95	13	200
95	14	300
95	15	100
95	16	200
95	17	300
95	18	200
95	19	300
95	20	100
95	21	200
95	22	300
95	23	200
95	24	300
95	25	100
95	26	200
95	27	300
95	28	200
95	29	300
95	30	100
95	31	200
95	32	300
95	33	200
95	34	300
95	35	100
95	36	200
95	37	300
95	38	200
95	39	300
95	40	100
95	41	200
95	42	300
95	43	200
95	44	300
95	45	100
95	46	200
95	47	300
95	48	200
95	49	300
95	50	100
95	51	200
95	52	300
95	53	200
95	54	300
95	55	100
95	56	200
95	57	300
95	58	200
95	59	300
95	60	100
95	61	200
95	62	300
95	63	200
95	64	300
95	65	100
95	66	200
95	67	300
95	68	200
95	69	300
95	70	100
95	71	200
95	72	300
95	73	200
95	74	300
95	75	100
95	76	200
95	77	300
95	78	200
95	79	300
95	80	100
95	81	200
95	82	300
95	83	200
95	84	300
95	85	100
95	86	200
95	87	300
95	88	200
95	89	300
95	90	100
95	91	200
95	92	300
95	93	200
95	94	300
95	95	100
95	96	200
95	97	300
95	98	200
95	99	300
95	100	100
96	1	100
96	2	200
96	3	100
96	4	200
96	5	100
96	6	100
96	7	200
96	8	100
96	9	200
96	10	100
96	11	100
96	12	200
96	13	100
96	14	200
96	15	100
96	16	100
96	17	200
96	18	100
96	19	200
96	20	100
96	21	100
96	22	200
96	23	100
96	24	200
96	25	100
96	26	100
96	27	200
96	28	100
96	29	200
96	30	100
96	31	100
96	32	200
96	33	100
96	34	200
96	35	100
96	36	100
96	37	200
96	38	100
96	39	200
96	40	100
96	41	100
96	42	200
96	43	100
96	44	200
96	45	100
96	46	100
96	47	200
96	48	100
96	49	200
96	50	100
96	51	100
96	52	200
96	53	100
96	54	200
96	55	100
96	56	100
96	57	200
96	58	100
96	59	200
96	60	100
96	61	100
96	62	200
96	63	100
96	64	200
96	65	100
96	66	100
96	67	200
96	68	100
96	69	200
96	70	100
96	71	100
96	72	200
96	73	100
96	74	200
96	75	100
96	76	100
96	77	200
96	78	100
96	79	200
96	80	100
96	81	100
96	82	200
96	83	100
96	84	200
96	85	100
96	86	100
96	87	200
96	88	100
96	89	200
96	90	100
96	91	100
96	92	200
96	93	100
96	94	200
96	95	100
96	96	100
96	97	200
96	98	100
96	99	200
96	100	100
97	1	200
97	2	100
97	3	200
97	4	100
97	5	200
97	6	200
97	7	100
97	8	200
97	9	100
97	10	200
97	11	200
97	12	100
97	13	200
97	14	100
97	15	200
97	16	200
97	17	100
97	18	200
97	19	100
97	20	200
97	21	200
97	22	100
97	23	200
97	24	100
97	25	200
97	26	200
97	27	100
97	28	200
97	29	100
97	30	200
97	31	200
97	32	100
97	33	200
97	34	100
97	35	200
97	36	200
97	37	100
97	38	200
97	39	100
97	40	200
97	41	200
97	42	100
97	43	200
97	44	100
97	45	200
97	46	200
97	47	100
97	48	200
97	49	100
97	50	200
97	51	200
97	52	100
97	53	200
97	54	100
97	55	200
97	56	200
97	57	100
97	58	200
97	59	100
97	60	200
97	61	200
97	62	100
97	63	200
97	64	100
97	65	200
97	66	200
97	67	100
97	68	200
97	69	100
97	70	200
97	71	200
97	72	100
97	73	200
97	74	100
97	75	200
97	76	200
97	77	100
97	78	200
97	79	100
97	80	200
97	81	200
97	82	100
97	83	200
97	84	100
97	85	200
97	86	200
97	87	100
97	88	200
97	89	100
97	90	200
97	91	200
97	92	100
97	93	200
97	94	100
97	95	200
97	96	200
97	97	100
97	98	200
97	99	100
97	100	200
98	1	100
98	2	300
98	3	200
98	4	100
98	5	200
98	6	100
98	7	300
98	8	200
98	9	100
98	10	200
98	11	100
98	12	300
98	13	200
98	14	100
98	15	200
98	16	100
98	17	300
98	18	200
98	19	100
98	20	200
98	21	100
98	22	300
98	23	200
98	24	100
98	25	200
98	26	100
98	27	300
98	28	200
98	29	100
98	30	200
98	31	100
98	32	300
98	33	200
98	34	100
98	35	200
98	36	100
98	37	300
98	38	200
98	39	100
98	40	200
98	41	100
98	42	300
98	43	200
98	44	100
98	45	200
98	46	100
98	47	300
98	48	200
98	49	100
98	50	200
98	51	100
98	52	300
98	53	200
98	54	100
98	55	200
98	56	100
98	57	300
98	58	200
98	59	100
98	60	200
98	61	100
98	62	300
98	63	200
98	64	100
98	65	200
98	66	100
98	67	300
98	68	200
98	69	100
98	70	200
98	71	100
98	72	300
98	73	200
98	74	100
98	75	200
98	76	100
98	77	300
98	78	200
98	79	100
98	80	200
98	81	100
98	82	300
98	83	200
98	84	100
98	85	200
98	86	100
98	87	300
98	88	200
98	89	100
98	90	200
98	91	100
98	92	300
98	93	200
98	94	100
98	95	200
98	96	100
98	97	300
98	98	200
98	99	100
98	100	200
99	1	300
99	2	200
99	3	100
99	4	300
99	5	200
99	6	300
99	7	200
99	8	100
99	9	300
99	10	200
99	11	300
99	12	200
99	13	100
99	14	300
99	15	200
99	16	300
99	17	200
99	18	100
99	19	300
99	20	200
99	21	300
99	22	200
99	23	100
99	24	300
99	25	200
99	26	300
99	27	200
99	28	100
99	29	300
99	30	200
99	31	300
99	32	200
99	33	100
99	34	300
99	35	200
99	36	300
99	37	200
99	38	100
99	39	300
99	40	200
99	41	300
99	42	200
99	43	100
99	44	300
99	45	200
99	46	300
99	47	200
99	48	100
99	49	300
99	50	200
99	51	300
99	52	200
99	53	100
99	54	300
99	55	200
99	56	300
99	57	200
99	58	100
99	59	300
99	60	200
99	61	300
99	62	200
99	63	100
99	64	300
99	65	200
99	66	300
99	67	200
99	68	100
99	69	300
99	70	200
99	71	300
99	72	200
99	73	100
99	74	300
99	75	200
99	76	300
99	77	200
99	78	100
99	79	300
99	80	200
99	81	300
99	82	200
99	83	100
99	84	300
99	85	200
99	86	300
99	87	200
99	88	100
99	89	300
99	90	200
99	91	300
99	92	200
99	93	100
99	94	300
99	95	200
99	96	300
99	97	200
99	98	100
99	99	300
99	100	200
100	1	200
100	2	300
100	3	200
100	4	300
100	5	100
100	6	200
100	7	300
100	8	200
100	9	300
100	10	100
100	11	200
100	12	300
100	13	200
100	14	300
100	15	100
100	16	200
100	17	300
100	18	200
100	19	300
100	20	100
100	21	200
100	22	300
100	23	200
100	24	300
100	25	100
100	26	200
100	27	300
100	28	200
100	29	300
100	30	100
100	31	200
100	32	300
100	33	200
100	34	300
100	35	100
100	36	200
100	37	300
100	38	200
100	39	300
100	40	100
100	41	200
100	42	300
100	43	200
100	44	300
100	45	100
100	46	200
100	47	300
100	48	200
100	49	300
100	50	100
100	51	200
100	52	300
100	53	200
100	54	300
100	55	100
100	56	200
100	57	300
100	58	200
100	59	300
100	60	100
100	61	200
100	62	300
100	63	200
100	64	300
100	65	100
100	66	200
100	67	300
100	68	200
100	69	300
100	70	100
100	71	200
100	72	300
100	73	200
100	74	300
100	75	100
100	76	200
100	77	300
100	78	200
100	79	300
100	80	100
100	81	200
100	82	300
100	83	200
100	84	300
100	85	100
100	86	200
100	87	300
100	88	200
100	89	300
100	90	100
100	91	200
100	92	300
100	93	200
100	94	300
100	95	100
100	96	200
100	97	300
100	98	200
100	99	300
100	100	100
