DEM: [300	400	500	300	400	500	300	400	500	600
300	600	300	600	300	600	300	600	300	600
400	300	200	400	300	200	400	300	200	400
100	200	300	400	500	100	200	300	400	500
500	400	300	500	400	300	500	400	300	200]

CAPA: [400	400	400	400	400	400	400	400	400	400
400	400	400	400	400	400	400	400	400	400
400	400	400	400	400	400	400	400	400	400
400	400	400	400	400	400	400	400	400	400
400	400	400	400	400	400	400	400	400	400]

PCOST: [100	200	100	200	100
200	100	200	100	200
100	300	200	100	200
300	200	100	300	200
200	300	200	300	100]

ISTOCK: [100 100 100 100 100]

SCOST: [50 100 50 100 150]