1	1	3800
1	2	3800
1	3	3800
1	4	3800
1	5	3800
1	6	3800
1	7	3800
1	8	3800
1	9	3800
1	10	3800
1	11	3800
1	12	3800
1	13	3800
1	14	3800
1	15	3800
1	16	3800
1	17	3800
1	18	3800
1	19	3800
1	20	3800
1	21	3800
1	22	3800
1	23	3800
1	24	3800
1	25	3800
1	26	3800
1	27	3800
1	28	3800
1	29	3800
1	30	3800
1	31	3800
1	32	3800
1	33	3800
1	34	3800
1	35	3800
1	36	3800
1	37	3800
1	38	3800
1	39	3800
1	40	3800
1	41	3800
1	42	3800
1	43	3800
1	44	3800
1	45	3800
1	46	3800
1	47	3800
1	48	3800
1	49	3800
1	50	3800
2	1	3800
2	2	3800
2	3	3800
2	4	3800
2	5	3800
2	6	3800
2	7	3800
2	8	3800
2	9	3800
2	10	3800
2	11	3800
2	12	3800
2	13	3800
2	14	3800
2	15	3800
2	16	3800
2	17	3800
2	18	3800
2	19	3800
2	20	3800
2	21	3800
2	22	3800
2	23	3800
2	24	3800
2	25	3800
2	26	3800
2	27	3800
2	28	3800
2	29	3800
2	30	3800
2	31	3800
2	32	3800
2	33	3800
2	34	3800
2	35	3800
2	36	3800
2	37	3800
2	38	3800
2	39	3800
2	40	3800
2	41	3800
2	42	3800
2	43	3800
2	44	3800
2	45	3800
2	46	3800
2	47	3800
2	48	3800
2	49	3800
2	50	3800
3	1	3800
3	2	3800
3	3	3800
3	4	3800
3	5	3800
3	6	3800
3	7	3800
3	8	3800
3	9	3800
3	10	3800
3	11	3800
3	12	3800
3	13	3800
3	14	3800
3	15	3800
3	16	3800
3	17	3800
3	18	3800
3	19	3800
3	20	3800
3	21	3800
3	22	3800
3	23	3800
3	24	3800
3	25	3800
3	26	3800
3	27	3800
3	28	3800
3	29	3800
3	30	3800
3	31	3800
3	32	3800
3	33	3800
3	34	3800
3	35	3800
3	36	3800
3	37	3800
3	38	3800
3	39	3800
3	40	3800
3	41	3800
3	42	3800
3	43	3800
3	44	3800
3	45	3800
3	46	3800
3	47	3800
3	48	3800
3	49	3800
3	50	3800
4	1	3800
4	2	3800
4	3	3800
4	4	3800
4	5	3800
4	6	3800
4	7	3800
4	8	3800
4	9	3800
4	10	3800
4	11	3800
4	12	3800
4	13	3800
4	14	3800
4	15	3800
4	16	3800
4	17	3800
4	18	3800
4	19	3800
4	20	3800
4	21	3800
4	22	3800
4	23	3800
4	24	3800
4	25	3800
4	26	3800
4	27	3800
4	28	3800
4	29	3800
4	30	3800
4	31	3800
4	32	3800
4	33	3800
4	34	3800
4	35	3800
4	36	3800
4	37	3800
4	38	3800
4	39	3800
4	40	3800
4	41	3800
4	42	3800
4	43	3800
4	44	3800
4	45	3800
4	46	3800
4	47	3800
4	48	3800
4	49	3800
4	50	3800
5	1	3800
5	2	3800
5	3	3800
5	4	3800
5	5	3800
5	6	3800
5	7	3800
5	8	3800
5	9	3800
5	10	3800
5	11	3800
5	12	3800
5	13	3800
5	14	3800
5	15	3800
5	16	3800
5	17	3800
5	18	3800
5	19	3800
5	20	3800
5	21	3800
5	22	3800
5	23	3800
5	24	3800
5	25	3800
5	26	3800
5	27	3800
5	28	3800
5	29	3800
5	30	3800
5	31	3800
5	32	3800
5	33	3800
5	34	3800
5	35	3800
5	36	3800
5	37	3800
5	38	3800
5	39	3800
5	40	3800
5	41	3800
5	42	3800
5	43	3800
5	44	3800
5	45	3800
5	46	3800
5	47	3800
5	48	3800
5	49	3800
5	50	3800
6	1	3800
6	2	3800
6	3	3800
6	4	3800
6	5	3800
6	6	3800
6	7	3800
6	8	3800
6	9	3800
6	10	3800
6	11	3800
6	12	3800
6	13	3800
6	14	3800
6	15	3800
6	16	3800
6	17	3800
6	18	3800
6	19	3800
6	20	3800
6	21	3800
6	22	3800
6	23	3800
6	24	3800
6	25	3800
6	26	3800
6	27	3800
6	28	3800
6	29	3800
6	30	3800
6	31	3800
6	32	3800
6	33	3800
6	34	3800
6	35	3800
6	36	3800
6	37	3800
6	38	3800
6	39	3800
6	40	3800
6	41	3800
6	42	3800
6	43	3800
6	44	3800
6	45	3800
6	46	3800
6	47	3800
6	48	3800
6	49	3800
6	50	3800
7	1	3800
7	2	3800
7	3	3800
7	4	3800
7	5	3800
7	6	3800
7	7	3800
7	8	3800
7	9	3800
7	10	3800
7	11	3800
7	12	3800
7	13	3800
7	14	3800
7	15	3800
7	16	3800
7	17	3800
7	18	3800
7	19	3800
7	20	3800
7	21	3800
7	22	3800
7	23	3800
7	24	3800
7	25	3800
7	26	3800
7	27	3800
7	28	3800
7	29	3800
7	30	3800
7	31	3800
7	32	3800
7	33	3800
7	34	3800
7	35	3800
7	36	3800
7	37	3800
7	38	3800
7	39	3800
7	40	3800
7	41	3800
7	42	3800
7	43	3800
7	44	3800
7	45	3800
7	46	3800
7	47	3800
7	48	3800
7	49	3800
7	50	3800
8	1	3800
8	2	3800
8	3	3800
8	4	3800
8	5	3800
8	6	3800
8	7	3800
8	8	3800
8	9	3800
8	10	3800
8	11	3800
8	12	3800
8	13	3800
8	14	3800
8	15	3800
8	16	3800
8	17	3800
8	18	3800
8	19	3800
8	20	3800
8	21	3800
8	22	3800
8	23	3800
8	24	3800
8	25	3800
8	26	3800
8	27	3800
8	28	3800
8	29	3800
8	30	3800
8	31	3800
8	32	3800
8	33	3800
8	34	3800
8	35	3800
8	36	3800
8	37	3800
8	38	3800
8	39	3800
8	40	3800
8	41	3800
8	42	3800
8	43	3800
8	44	3800
8	45	3800
8	46	3800
8	47	3800
8	48	3800
8	49	3800
8	50	3800
9	1	3800
9	2	3800
9	3	3800
9	4	3800
9	5	3800
9	6	3800
9	7	3800
9	8	3800
9	9	3800
9	10	3800
9	11	3800
9	12	3800
9	13	3800
9	14	3800
9	15	3800
9	16	3800
9	17	3800
9	18	3800
9	19	3800
9	20	3800
9	21	3800
9	22	3800
9	23	3800
9	24	3800
9	25	3800
9	26	3800
9	27	3800
9	28	3800
9	29	3800
9	30	3800
9	31	3800
9	32	3800
9	33	3800
9	34	3800
9	35	3800
9	36	3800
9	37	3800
9	38	3800
9	39	3800
9	40	3800
9	41	3800
9	42	3800
9	43	3800
9	44	3800
9	45	3800
9	46	3800
9	47	3800
9	48	3800
9	49	3800
9	50	3800
10	1	3800
10	2	3800
10	3	3800
10	4	3800
10	5	3800
10	6	3800
10	7	3800
10	8	3800
10	9	3800
10	10	3800
10	11	3800
10	12	3800
10	13	3800
10	14	3800
10	15	3800
10	16	3800
10	17	3800
10	18	3800
10	19	3800
10	20	3800
10	21	3800
10	22	3800
10	23	3800
10	24	3800
10	25	3800
10	26	3800
10	27	3800
10	28	3800
10	29	3800
10	30	3800
10	31	3800
10	32	3800
10	33	3800
10	34	3800
10	35	3800
10	36	3800
10	37	3800
10	38	3800
10	39	3800
10	40	3800
10	41	3800
10	42	3800
10	43	3800
10	44	3800
10	45	3800
10	46	3800
10	47	3800
10	48	3800
10	49	3800
10	50	3800
11	1	3800
11	2	3800
11	3	3800
11	4	3800
11	5	3800
11	6	3800
11	7	3800
11	8	3800
11	9	3800
11	10	3800
11	11	3800
11	12	3800
11	13	3800
11	14	3800
11	15	3800
11	16	3800
11	17	3800
11	18	3800
11	19	3800
11	20	3800
11	21	3800
11	22	3800
11	23	3800
11	24	3800
11	25	3800
11	26	3800
11	27	3800
11	28	3800
11	29	3800
11	30	3800
11	31	3800
11	32	3800
11	33	3800
11	34	3800
11	35	3800
11	36	3800
11	37	3800
11	38	3800
11	39	3800
11	40	3800
11	41	3800
11	42	3800
11	43	3800
11	44	3800
11	45	3800
11	46	3800
11	47	3800
11	48	3800
11	49	3800
11	50	3800
12	1	3800
12	2	3800
12	3	3800
12	4	3800
12	5	3800
12	6	3800
12	7	3800
12	8	3800
12	9	3800
12	10	3800
12	11	3800
12	12	3800
12	13	3800
12	14	3800
12	15	3800
12	16	3800
12	17	3800
12	18	3800
12	19	3800
12	20	3800
12	21	3800
12	22	3800
12	23	3800
12	24	3800
12	25	3800
12	26	3800
12	27	3800
12	28	3800
12	29	3800
12	30	3800
12	31	3800
12	32	3800
12	33	3800
12	34	3800
12	35	3800
12	36	3800
12	37	3800
12	38	3800
12	39	3800
12	40	3800
12	41	3800
12	42	3800
12	43	3800
12	44	3800
12	45	3800
12	46	3800
12	47	3800
12	48	3800
12	49	3800
12	50	3800
13	1	3800
13	2	3800
13	3	3800
13	4	3800
13	5	3800
13	6	3800
13	7	3800
13	8	3800
13	9	3800
13	10	3800
13	11	3800
13	12	3800
13	13	3800
13	14	3800
13	15	3800
13	16	3800
13	17	3800
13	18	3800
13	19	3800
13	20	3800
13	21	3800
13	22	3800
13	23	3800
13	24	3800
13	25	3800
13	26	3800
13	27	3800
13	28	3800
13	29	3800
13	30	3800
13	31	3800
13	32	3800
13	33	3800
13	34	3800
13	35	3800
13	36	3800
13	37	3800
13	38	3800
13	39	3800
13	40	3800
13	41	3800
13	42	3800
13	43	3800
13	44	3800
13	45	3800
13	46	3800
13	47	3800
13	48	3800
13	49	3800
13	50	3800
14	1	3800
14	2	3800
14	3	3800
14	4	3800
14	5	3800
14	6	3800
14	7	3800
14	8	3800
14	9	3800
14	10	3800
14	11	3800
14	12	3800
14	13	3800
14	14	3800
14	15	3800
14	16	3800
14	17	3800
14	18	3800
14	19	3800
14	20	3800
14	21	3800
14	22	3800
14	23	3800
14	24	3800
14	25	3800
14	26	3800
14	27	3800
14	28	3800
14	29	3800
14	30	3800
14	31	3800
14	32	3800
14	33	3800
14	34	3800
14	35	3800
14	36	3800
14	37	3800
14	38	3800
14	39	3800
14	40	3800
14	41	3800
14	42	3800
14	43	3800
14	44	3800
14	45	3800
14	46	3800
14	47	3800
14	48	3800
14	49	3800
14	50	3800
15	1	3800
15	2	3800
15	3	3800
15	4	3800
15	5	3800
15	6	3800
15	7	3800
15	8	3800
15	9	3800
15	10	3800
15	11	3800
15	12	3800
15	13	3800
15	14	3800
15	15	3800
15	16	3800
15	17	3800
15	18	3800
15	19	3800
15	20	3800
15	21	3800
15	22	3800
15	23	3800
15	24	3800
15	25	3800
15	26	3800
15	27	3800
15	28	3800
15	29	3800
15	30	3800
15	31	3800
15	32	3800
15	33	3800
15	34	3800
15	35	3800
15	36	3800
15	37	3800
15	38	3800
15	39	3800
15	40	3800
15	41	3800
15	42	3800
15	43	3800
15	44	3800
15	45	3800
15	46	3800
15	47	3800
15	48	3800
15	49	3800
15	50	3800
16	1	3800
16	2	3800
16	3	3800
16	4	3800
16	5	3800
16	6	3800
16	7	3800
16	8	3800
16	9	3800
16	10	3800
16	11	3800
16	12	3800
16	13	3800
16	14	3800
16	15	3800
16	16	3800
16	17	3800
16	18	3800
16	19	3800
16	20	3800
16	21	3800
16	22	3800
16	23	3800
16	24	3800
16	25	3800
16	26	3800
16	27	3800
16	28	3800
16	29	3800
16	30	3800
16	31	3800
16	32	3800
16	33	3800
16	34	3800
16	35	3800
16	36	3800
16	37	3800
16	38	3800
16	39	3800
16	40	3800
16	41	3800
16	42	3800
16	43	3800
16	44	3800
16	45	3800
16	46	3800
16	47	3800
16	48	3800
16	49	3800
16	50	3800
17	1	3800
17	2	3800
17	3	3800
17	4	3800
17	5	3800
17	6	3800
17	7	3800
17	8	3800
17	9	3800
17	10	3800
17	11	3800
17	12	3800
17	13	3800
17	14	3800
17	15	3800
17	16	3800
17	17	3800
17	18	3800
17	19	3800
17	20	3800
17	21	3800
17	22	3800
17	23	3800
17	24	3800
17	25	3800
17	26	3800
17	27	3800
17	28	3800
17	29	3800
17	30	3800
17	31	3800
17	32	3800
17	33	3800
17	34	3800
17	35	3800
17	36	3800
17	37	3800
17	38	3800
17	39	3800
17	40	3800
17	41	3800
17	42	3800
17	43	3800
17	44	3800
17	45	3800
17	46	3800
17	47	3800
17	48	3800
17	49	3800
17	50	3800
18	1	3800
18	2	3800
18	3	3800
18	4	3800
18	5	3800
18	6	3800
18	7	3800
18	8	3800
18	9	3800
18	10	3800
18	11	3800
18	12	3800
18	13	3800
18	14	3800
18	15	3800
18	16	3800
18	17	3800
18	18	3800
18	19	3800
18	20	3800
18	21	3800
18	22	3800
18	23	3800
18	24	3800
18	25	3800
18	26	3800
18	27	3800
18	28	3800
18	29	3800
18	30	3800
18	31	3800
18	32	3800
18	33	3800
18	34	3800
18	35	3800
18	36	3800
18	37	3800
18	38	3800
18	39	3800
18	40	3800
18	41	3800
18	42	3800
18	43	3800
18	44	3800
18	45	3800
18	46	3800
18	47	3800
18	48	3800
18	49	3800
18	50	3800
19	1	3800
19	2	3800
19	3	3800
19	4	3800
19	5	3800
19	6	3800
19	7	3800
19	8	3800
19	9	3800
19	10	3800
19	11	3800
19	12	3800
19	13	3800
19	14	3800
19	15	3800
19	16	3800
19	17	3800
19	18	3800
19	19	3800
19	20	3800
19	21	3800
19	22	3800
19	23	3800
19	24	3800
19	25	3800
19	26	3800
19	27	3800
19	28	3800
19	29	3800
19	30	3800
19	31	3800
19	32	3800
19	33	3800
19	34	3800
19	35	3800
19	36	3800
19	37	3800
19	38	3800
19	39	3800
19	40	3800
19	41	3800
19	42	3800
19	43	3800
19	44	3800
19	45	3800
19	46	3800
19	47	3800
19	48	3800
19	49	3800
19	50	3800
20	1	3800
20	2	3800
20	3	3800
20	4	3800
20	5	3800
20	6	3800
20	7	3800
20	8	3800
20	9	3800
20	10	3800
20	11	3800
20	12	3800
20	13	3800
20	14	3800
20	15	3800
20	16	3800
20	17	3800
20	18	3800
20	19	3800
20	20	3800
20	21	3800
20	22	3800
20	23	3800
20	24	3800
20	25	3800
20	26	3800
20	27	3800
20	28	3800
20	29	3800
20	30	3800
20	31	3800
20	32	3800
20	33	3800
20	34	3800
20	35	3800
20	36	3800
20	37	3800
20	38	3800
20	39	3800
20	40	3800
20	41	3800
20	42	3800
20	43	3800
20	44	3800
20	45	3800
20	46	3800
20	47	3800
20	48	3800
20	49	3800
20	50	3800
21	1	3800
21	2	3800
21	3	3800
21	4	3800
21	5	3800
21	6	3800
21	7	3800
21	8	3800
21	9	3800
21	10	3800
21	11	3800
21	12	3800
21	13	3800
21	14	3800
21	15	3800
21	16	3800
21	17	3800
21	18	3800
21	19	3800
21	20	3800
21	21	3800
21	22	3800
21	23	3800
21	24	3800
21	25	3800
21	26	3800
21	27	3800
21	28	3800
21	29	3800
21	30	3800
21	31	3800
21	32	3800
21	33	3800
21	34	3800
21	35	3800
21	36	3800
21	37	3800
21	38	3800
21	39	3800
21	40	3800
21	41	3800
21	42	3800
21	43	3800
21	44	3800
21	45	3800
21	46	3800
21	47	3800
21	48	3800
21	49	3800
21	50	3800
22	1	3800
22	2	3800
22	3	3800
22	4	3800
22	5	3800
22	6	3800
22	7	3800
22	8	3800
22	9	3800
22	10	3800
22	11	3800
22	12	3800
22	13	3800
22	14	3800
22	15	3800
22	16	3800
22	17	3800
22	18	3800
22	19	3800
22	20	3800
22	21	3800
22	22	3800
22	23	3800
22	24	3800
22	25	3800
22	26	3800
22	27	3800
22	28	3800
22	29	3800
22	30	3800
22	31	3800
22	32	3800
22	33	3800
22	34	3800
22	35	3800
22	36	3800
22	37	3800
22	38	3800
22	39	3800
22	40	3800
22	41	3800
22	42	3800
22	43	3800
22	44	3800
22	45	3800
22	46	3800
22	47	3800
22	48	3800
22	49	3800
22	50	3800
23	1	3800
23	2	3800
23	3	3800
23	4	3800
23	5	3800
23	6	3800
23	7	3800
23	8	3800
23	9	3800
23	10	3800
23	11	3800
23	12	3800
23	13	3800
23	14	3800
23	15	3800
23	16	3800
23	17	3800
23	18	3800
23	19	3800
23	20	3800
23	21	3800
23	22	3800
23	23	3800
23	24	3800
23	25	3800
23	26	3800
23	27	3800
23	28	3800
23	29	3800
23	30	3800
23	31	3800
23	32	3800
23	33	3800
23	34	3800
23	35	3800
23	36	3800
23	37	3800
23	38	3800
23	39	3800
23	40	3800
23	41	3800
23	42	3800
23	43	3800
23	44	3800
23	45	3800
23	46	3800
23	47	3800
23	48	3800
23	49	3800
23	50	3800
24	1	3800
24	2	3800
24	3	3800
24	4	3800
24	5	3800
24	6	3800
24	7	3800
24	8	3800
24	9	3800
24	10	3800
24	11	3800
24	12	3800
24	13	3800
24	14	3800
24	15	3800
24	16	3800
24	17	3800
24	18	3800
24	19	3800
24	20	3800
24	21	3800
24	22	3800
24	23	3800
24	24	3800
24	25	3800
24	26	3800
24	27	3800
24	28	3800
24	29	3800
24	30	3800
24	31	3800
24	32	3800
24	33	3800
24	34	3800
24	35	3800
24	36	3800
24	37	3800
24	38	3800
24	39	3800
24	40	3800
24	41	3800
24	42	3800
24	43	3800
24	44	3800
24	45	3800
24	46	3800
24	47	3800
24	48	3800
24	49	3800
24	50	3800
25	1	3800
25	2	3800
25	3	3800
25	4	3800
25	5	3800
25	6	3800
25	7	3800
25	8	3800
25	9	3800
25	10	3800
25	11	3800
25	12	3800
25	13	3800
25	14	3800
25	15	3800
25	16	3800
25	17	3800
25	18	3800
25	19	3800
25	20	3800
25	21	3800
25	22	3800
25	23	3800
25	24	3800
25	25	3800
25	26	3800
25	27	3800
25	28	3800
25	29	3800
25	30	3800
25	31	3800
25	32	3800
25	33	3800
25	34	3800
25	35	3800
25	36	3800
25	37	3800
25	38	3800
25	39	3800
25	40	3800
25	41	3800
25	42	3800
25	43	3800
25	44	3800
25	45	3800
25	46	3800
25	47	3800
25	48	3800
25	49	3800
25	50	3800
26	1	3800
26	2	3800
26	3	3800
26	4	3800
26	5	3800
26	6	3800
26	7	3800
26	8	3800
26	9	3800
26	10	3800
26	11	3800
26	12	3800
26	13	3800
26	14	3800
26	15	3800
26	16	3800
26	17	3800
26	18	3800
26	19	3800
26	20	3800
26	21	3800
26	22	3800
26	23	3800
26	24	3800
26	25	3800
26	26	3800
26	27	3800
26	28	3800
26	29	3800
26	30	3800
26	31	3800
26	32	3800
26	33	3800
26	34	3800
26	35	3800
26	36	3800
26	37	3800
26	38	3800
26	39	3800
26	40	3800
26	41	3800
26	42	3800
26	43	3800
26	44	3800
26	45	3800
26	46	3800
26	47	3800
26	48	3800
26	49	3800
26	50	3800
27	1	3800
27	2	3800
27	3	3800
27	4	3800
27	5	3800
27	6	3800
27	7	3800
27	8	3800
27	9	3800
27	10	3800
27	11	3800
27	12	3800
27	13	3800
27	14	3800
27	15	3800
27	16	3800
27	17	3800
27	18	3800
27	19	3800
27	20	3800
27	21	3800
27	22	3800
27	23	3800
27	24	3800
27	25	3800
27	26	3800
27	27	3800
27	28	3800
27	29	3800
27	30	3800
27	31	3800
27	32	3800
27	33	3800
27	34	3800
27	35	3800
27	36	3800
27	37	3800
27	38	3800
27	39	3800
27	40	3800
27	41	3800
27	42	3800
27	43	3800
27	44	3800
27	45	3800
27	46	3800
27	47	3800
27	48	3800
27	49	3800
27	50	3800
28	1	3800
28	2	3800
28	3	3800
28	4	3800
28	5	3800
28	6	3800
28	7	3800
28	8	3800
28	9	3800
28	10	3800
28	11	3800
28	12	3800
28	13	3800
28	14	3800
28	15	3800
28	16	3800
28	17	3800
28	18	3800
28	19	3800
28	20	3800
28	21	3800
28	22	3800
28	23	3800
28	24	3800
28	25	3800
28	26	3800
28	27	3800
28	28	3800
28	29	3800
28	30	3800
28	31	3800
28	32	3800
28	33	3800
28	34	3800
28	35	3800
28	36	3800
28	37	3800
28	38	3800
28	39	3800
28	40	3800
28	41	3800
28	42	3800
28	43	3800
28	44	3800
28	45	3800
28	46	3800
28	47	3800
28	48	3800
28	49	3800
28	50	3800
29	1	3800
29	2	3800
29	3	3800
29	4	3800
29	5	3800
29	6	3800
29	7	3800
29	8	3800
29	9	3800
29	10	3800
29	11	3800
29	12	3800
29	13	3800
29	14	3800
29	15	3800
29	16	3800
29	17	3800
29	18	3800
29	19	3800
29	20	3800
29	21	3800
29	22	3800
29	23	3800
29	24	3800
29	25	3800
29	26	3800
29	27	3800
29	28	3800
29	29	3800
29	30	3800
29	31	3800
29	32	3800
29	33	3800
29	34	3800
29	35	3800
29	36	3800
29	37	3800
29	38	3800
29	39	3800
29	40	3800
29	41	3800
29	42	3800
29	43	3800
29	44	3800
29	45	3800
29	46	3800
29	47	3800
29	48	3800
29	49	3800
29	50	3800
30	1	3800
30	2	3800
30	3	3800
30	4	3800
30	5	3800
30	6	3800
30	7	3800
30	8	3800
30	9	3800
30	10	3800
30	11	3800
30	12	3800
30	13	3800
30	14	3800
30	15	3800
30	16	3800
30	17	3800
30	18	3800
30	19	3800
30	20	3800
30	21	3800
30	22	3800
30	23	3800
30	24	3800
30	25	3800
30	26	3800
30	27	3800
30	28	3800
30	29	3800
30	30	3800
30	31	3800
30	32	3800
30	33	3800
30	34	3800
30	35	3800
30	36	3800
30	37	3800
30	38	3800
30	39	3800
30	40	3800
30	41	3800
30	42	3800
30	43	3800
30	44	3800
30	45	3800
30	46	3800
30	47	3800
30	48	3800
30	49	3800
30	50	3800
31	1	3800
31	2	3800
31	3	3800
31	4	3800
31	5	3800
31	6	3800
31	7	3800
31	8	3800
31	9	3800
31	10	3800
31	11	3800
31	12	3800
31	13	3800
31	14	3800
31	15	3800
31	16	3800
31	17	3800
31	18	3800
31	19	3800
31	20	3800
31	21	3800
31	22	3800
31	23	3800
31	24	3800
31	25	3800
31	26	3800
31	27	3800
31	28	3800
31	29	3800
31	30	3800
31	31	3800
31	32	3800
31	33	3800
31	34	3800
31	35	3800
31	36	3800
31	37	3800
31	38	3800
31	39	3800
31	40	3800
31	41	3800
31	42	3800
31	43	3800
31	44	3800
31	45	3800
31	46	3800
31	47	3800
31	48	3800
31	49	3800
31	50	3800
32	1	3800
32	2	3800
32	3	3800
32	4	3800
32	5	3800
32	6	3800
32	7	3800
32	8	3800
32	9	3800
32	10	3800
32	11	3800
32	12	3800
32	13	3800
32	14	3800
32	15	3800
32	16	3800
32	17	3800
32	18	3800
32	19	3800
32	20	3800
32	21	3800
32	22	3800
32	23	3800
32	24	3800
32	25	3800
32	26	3800
32	27	3800
32	28	3800
32	29	3800
32	30	3800
32	31	3800
32	32	3800
32	33	3800
32	34	3800
32	35	3800
32	36	3800
32	37	3800
32	38	3800
32	39	3800
32	40	3800
32	41	3800
32	42	3800
32	43	3800
32	44	3800
32	45	3800
32	46	3800
32	47	3800
32	48	3800
32	49	3800
32	50	3800
33	1	3800
33	2	3800
33	3	3800
33	4	3800
33	5	3800
33	6	3800
33	7	3800
33	8	3800
33	9	3800
33	10	3800
33	11	3800
33	12	3800
33	13	3800
33	14	3800
33	15	3800
33	16	3800
33	17	3800
33	18	3800
33	19	3800
33	20	3800
33	21	3800
33	22	3800
33	23	3800
33	24	3800
33	25	3800
33	26	3800
33	27	3800
33	28	3800
33	29	3800
33	30	3800
33	31	3800
33	32	3800
33	33	3800
33	34	3800
33	35	3800
33	36	3800
33	37	3800
33	38	3800
33	39	3800
33	40	3800
33	41	3800
33	42	3800
33	43	3800
33	44	3800
33	45	3800
33	46	3800
33	47	3800
33	48	3800
33	49	3800
33	50	3800
34	1	3800
34	2	3800
34	3	3800
34	4	3800
34	5	3800
34	6	3800
34	7	3800
34	8	3800
34	9	3800
34	10	3800
34	11	3800
34	12	3800
34	13	3800
34	14	3800
34	15	3800
34	16	3800
34	17	3800
34	18	3800
34	19	3800
34	20	3800
34	21	3800
34	22	3800
34	23	3800
34	24	3800
34	25	3800
34	26	3800
34	27	3800
34	28	3800
34	29	3800
34	30	3800
34	31	3800
34	32	3800
34	33	3800
34	34	3800
34	35	3800
34	36	3800
34	37	3800
34	38	3800
34	39	3800
34	40	3800
34	41	3800
34	42	3800
34	43	3800
34	44	3800
34	45	3800
34	46	3800
34	47	3800
34	48	3800
34	49	3800
34	50	3800
35	1	3800
35	2	3800
35	3	3800
35	4	3800
35	5	3800
35	6	3800
35	7	3800
35	8	3800
35	9	3800
35	10	3800
35	11	3800
35	12	3800
35	13	3800
35	14	3800
35	15	3800
35	16	3800
35	17	3800
35	18	3800
35	19	3800
35	20	3800
35	21	3800
35	22	3800
35	23	3800
35	24	3800
35	25	3800
35	26	3800
35	27	3800
35	28	3800
35	29	3800
35	30	3800
35	31	3800
35	32	3800
35	33	3800
35	34	3800
35	35	3800
35	36	3800
35	37	3800
35	38	3800
35	39	3800
35	40	3800
35	41	3800
35	42	3800
35	43	3800
35	44	3800
35	45	3800
35	46	3800
35	47	3800
35	48	3800
35	49	3800
35	50	3800
36	1	3800
36	2	3800
36	3	3800
36	4	3800
36	5	3800
36	6	3800
36	7	3800
36	8	3800
36	9	3800
36	10	3800
36	11	3800
36	12	3800
36	13	3800
36	14	3800
36	15	3800
36	16	3800
36	17	3800
36	18	3800
36	19	3800
36	20	3800
36	21	3800
36	22	3800
36	23	3800
36	24	3800
36	25	3800
36	26	3800
36	27	3800
36	28	3800
36	29	3800
36	30	3800
36	31	3800
36	32	3800
36	33	3800
36	34	3800
36	35	3800
36	36	3800
36	37	3800
36	38	3800
36	39	3800
36	40	3800
36	41	3800
36	42	3800
36	43	3800
36	44	3800
36	45	3800
36	46	3800
36	47	3800
36	48	3800
36	49	3800
36	50	3800
37	1	3800
37	2	3800
37	3	3800
37	4	3800
37	5	3800
37	6	3800
37	7	3800
37	8	3800
37	9	3800
37	10	3800
37	11	3800
37	12	3800
37	13	3800
37	14	3800
37	15	3800
37	16	3800
37	17	3800
37	18	3800
37	19	3800
37	20	3800
37	21	3800
37	22	3800
37	23	3800
37	24	3800
37	25	3800
37	26	3800
37	27	3800
37	28	3800
37	29	3800
37	30	3800
37	31	3800
37	32	3800
37	33	3800
37	34	3800
37	35	3800
37	36	3800
37	37	3800
37	38	3800
37	39	3800
37	40	3800
37	41	3800
37	42	3800
37	43	3800
37	44	3800
37	45	3800
37	46	3800
37	47	3800
37	48	3800
37	49	3800
37	50	3800
38	1	3800
38	2	3800
38	3	3800
38	4	3800
38	5	3800
38	6	3800
38	7	3800
38	8	3800
38	9	3800
38	10	3800
38	11	3800
38	12	3800
38	13	3800
38	14	3800
38	15	3800
38	16	3800
38	17	3800
38	18	3800
38	19	3800
38	20	3800
38	21	3800
38	22	3800
38	23	3800
38	24	3800
38	25	3800
38	26	3800
38	27	3800
38	28	3800
38	29	3800
38	30	3800
38	31	3800
38	32	3800
38	33	3800
38	34	3800
38	35	3800
38	36	3800
38	37	3800
38	38	3800
38	39	3800
38	40	3800
38	41	3800
38	42	3800
38	43	3800
38	44	3800
38	45	3800
38	46	3800
38	47	3800
38	48	3800
38	49	3800
38	50	3800
39	1	3800
39	2	3800
39	3	3800
39	4	3800
39	5	3800
39	6	3800
39	7	3800
39	8	3800
39	9	3800
39	10	3800
39	11	3800
39	12	3800
39	13	3800
39	14	3800
39	15	3800
39	16	3800
39	17	3800
39	18	3800
39	19	3800
39	20	3800
39	21	3800
39	22	3800
39	23	3800
39	24	3800
39	25	3800
39	26	3800
39	27	3800
39	28	3800
39	29	3800
39	30	3800
39	31	3800
39	32	3800
39	33	3800
39	34	3800
39	35	3800
39	36	3800
39	37	3800
39	38	3800
39	39	3800
39	40	3800
39	41	3800
39	42	3800
39	43	3800
39	44	3800
39	45	3800
39	46	3800
39	47	3800
39	48	3800
39	49	3800
39	50	3800
40	1	3800
40	2	3800
40	3	3800
40	4	3800
40	5	3800
40	6	3800
40	7	3800
40	8	3800
40	9	3800
40	10	3800
40	11	3800
40	12	3800
40	13	3800
40	14	3800
40	15	3800
40	16	3800
40	17	3800
40	18	3800
40	19	3800
40	20	3800
40	21	3800
40	22	3800
40	23	3800
40	24	3800
40	25	3800
40	26	3800
40	27	3800
40	28	3800
40	29	3800
40	30	3800
40	31	3800
40	32	3800
40	33	3800
40	34	3800
40	35	3800
40	36	3800
40	37	3800
40	38	3800
40	39	3800
40	40	3800
40	41	3800
40	42	3800
40	43	3800
40	44	3800
40	45	3800
40	46	3800
40	47	3800
40	48	3800
40	49	3800
40	50	3800
41	1	3800
41	2	3800
41	3	3800
41	4	3800
41	5	3800
41	6	3800
41	7	3800
41	8	3800
41	9	3800
41	10	3800
41	11	3800
41	12	3800
41	13	3800
41	14	3800
41	15	3800
41	16	3800
41	17	3800
41	18	3800
41	19	3800
41	20	3800
41	21	3800
41	22	3800
41	23	3800
41	24	3800
41	25	3800
41	26	3800
41	27	3800
41	28	3800
41	29	3800
41	30	3800
41	31	3800
41	32	3800
41	33	3800
41	34	3800
41	35	3800
41	36	3800
41	37	3800
41	38	3800
41	39	3800
41	40	3800
41	41	3800
41	42	3800
41	43	3800
41	44	3800
41	45	3800
41	46	3800
41	47	3800
41	48	3800
41	49	3800
41	50	3800
42	1	3800
42	2	3800
42	3	3800
42	4	3800
42	5	3800
42	6	3800
42	7	3800
42	8	3800
42	9	3800
42	10	3800
42	11	3800
42	12	3800
42	13	3800
42	14	3800
42	15	3800
42	16	3800
42	17	3800
42	18	3800
42	19	3800
42	20	3800
42	21	3800
42	22	3800
42	23	3800
42	24	3800
42	25	3800
42	26	3800
42	27	3800
42	28	3800
42	29	3800
42	30	3800
42	31	3800
42	32	3800
42	33	3800
42	34	3800
42	35	3800
42	36	3800
42	37	3800
42	38	3800
42	39	3800
42	40	3800
42	41	3800
42	42	3800
42	43	3800
42	44	3800
42	45	3800
42	46	3800
42	47	3800
42	48	3800
42	49	3800
42	50	3800
43	1	3800
43	2	3800
43	3	3800
43	4	3800
43	5	3800
43	6	3800
43	7	3800
43	8	3800
43	9	3800
43	10	3800
43	11	3800
43	12	3800
43	13	3800
43	14	3800
43	15	3800
43	16	3800
43	17	3800
43	18	3800
43	19	3800
43	20	3800
43	21	3800
43	22	3800
43	23	3800
43	24	3800
43	25	3800
43	26	3800
43	27	3800
43	28	3800
43	29	3800
43	30	3800
43	31	3800
43	32	3800
43	33	3800
43	34	3800
43	35	3800
43	36	3800
43	37	3800
43	38	3800
43	39	3800
43	40	3800
43	41	3800
43	42	3800
43	43	3800
43	44	3800
43	45	3800
43	46	3800
43	47	3800
43	48	3800
43	49	3800
43	50	3800
44	1	3800
44	2	3800
44	3	3800
44	4	3800
44	5	3800
44	6	3800
44	7	3800
44	8	3800
44	9	3800
44	10	3800
44	11	3800
44	12	3800
44	13	3800
44	14	3800
44	15	3800
44	16	3800
44	17	3800
44	18	3800
44	19	3800
44	20	3800
44	21	3800
44	22	3800
44	23	3800
44	24	3800
44	25	3800
44	26	3800
44	27	3800
44	28	3800
44	29	3800
44	30	3800
44	31	3800
44	32	3800
44	33	3800
44	34	3800
44	35	3800
44	36	3800
44	37	3800
44	38	3800
44	39	3800
44	40	3800
44	41	3800
44	42	3800
44	43	3800
44	44	3800
44	45	3800
44	46	3800
44	47	3800
44	48	3800
44	49	3800
44	50	3800
45	1	3800
45	2	3800
45	3	3800
45	4	3800
45	5	3800
45	6	3800
45	7	3800
45	8	3800
45	9	3800
45	10	3800
45	11	3800
45	12	3800
45	13	3800
45	14	3800
45	15	3800
45	16	3800
45	17	3800
45	18	3800
45	19	3800
45	20	3800
45	21	3800
45	22	3800
45	23	3800
45	24	3800
45	25	3800
45	26	3800
45	27	3800
45	28	3800
45	29	3800
45	30	3800
45	31	3800
45	32	3800
45	33	3800
45	34	3800
45	35	3800
45	36	3800
45	37	3800
45	38	3800
45	39	3800
45	40	3800
45	41	3800
45	42	3800
45	43	3800
45	44	3800
45	45	3800
45	46	3800
45	47	3800
45	48	3800
45	49	3800
45	50	3800
46	1	3800
46	2	3800
46	3	3800
46	4	3800
46	5	3800
46	6	3800
46	7	3800
46	8	3800
46	9	3800
46	10	3800
46	11	3800
46	12	3800
46	13	3800
46	14	3800
46	15	3800
46	16	3800
46	17	3800
46	18	3800
46	19	3800
46	20	3800
46	21	3800
46	22	3800
46	23	3800
46	24	3800
46	25	3800
46	26	3800
46	27	3800
46	28	3800
46	29	3800
46	30	3800
46	31	3800
46	32	3800
46	33	3800
46	34	3800
46	35	3800
46	36	3800
46	37	3800
46	38	3800
46	39	3800
46	40	3800
46	41	3800
46	42	3800
46	43	3800
46	44	3800
46	45	3800
46	46	3800
46	47	3800
46	48	3800
46	49	3800
46	50	3800
47	1	3800
47	2	3800
47	3	3800
47	4	3800
47	5	3800
47	6	3800
47	7	3800
47	8	3800
47	9	3800
47	10	3800
47	11	3800
47	12	3800
47	13	3800
47	14	3800
47	15	3800
47	16	3800
47	17	3800
47	18	3800
47	19	3800
47	20	3800
47	21	3800
47	22	3800
47	23	3800
47	24	3800
47	25	3800
47	26	3800
47	27	3800
47	28	3800
47	29	3800
47	30	3800
47	31	3800
47	32	3800
47	33	3800
47	34	3800
47	35	3800
47	36	3800
47	37	3800
47	38	3800
47	39	3800
47	40	3800
47	41	3800
47	42	3800
47	43	3800
47	44	3800
47	45	3800
47	46	3800
47	47	3800
47	48	3800
47	49	3800
47	50	3800
48	1	3800
48	2	3800
48	3	3800
48	4	3800
48	5	3800
48	6	3800
48	7	3800
48	8	3800
48	9	3800
48	10	3800
48	11	3800
48	12	3800
48	13	3800
48	14	3800
48	15	3800
48	16	3800
48	17	3800
48	18	3800
48	19	3800
48	20	3800
48	21	3800
48	22	3800
48	23	3800
48	24	3800
48	25	3800
48	26	3800
48	27	3800
48	28	3800
48	29	3800
48	30	3800
48	31	3800
48	32	3800
48	33	3800
48	34	3800
48	35	3800
48	36	3800
48	37	3800
48	38	3800
48	39	3800
48	40	3800
48	41	3800
48	42	3800
48	43	3800
48	44	3800
48	45	3800
48	46	3800
48	47	3800
48	48	3800
48	49	3800
48	50	3800
49	1	3800
49	2	3800
49	3	3800
49	4	3800
49	5	3800
49	6	3800
49	7	3800
49	8	3800
49	9	3800
49	10	3800
49	11	3800
49	12	3800
49	13	3800
49	14	3800
49	15	3800
49	16	3800
49	17	3800
49	18	3800
49	19	3800
49	20	3800
49	21	3800
49	22	3800
49	23	3800
49	24	3800
49	25	3800
49	26	3800
49	27	3800
49	28	3800
49	29	3800
49	30	3800
49	31	3800
49	32	3800
49	33	3800
49	34	3800
49	35	3800
49	36	3800
49	37	3800
49	38	3800
49	39	3800
49	40	3800
49	41	3800
49	42	3800
49	43	3800
49	44	3800
49	45	3800
49	46	3800
49	47	3800
49	48	3800
49	49	3800
49	50	3800
50	1	3800
50	2	3800
50	3	3800
50	4	3800
50	5	3800
50	6	3800
50	7	3800
50	8	3800
50	9	3800
50	10	3800
50	11	3800
50	12	3800
50	13	3800
50	14	3800
50	15	3800
50	16	3800
50	17	3800
50	18	3800
50	19	3800
50	20	3800
50	21	3800
50	22	3800
50	23	3800
50	24	3800
50	25	3800
50	26	3800
50	27	3800
50	28	3800
50	29	3800
50	30	3800
50	31	3800
50	32	3800
50	33	3800
50	34	3800
50	35	3800
50	36	3800
50	37	3800
50	38	3800
50	39	3800
50	40	3800
50	41	3800
50	42	3800
50	43	3800
50	44	3800
50	45	3800
50	46	3800
50	47	3800
50	48	3800
50	49	3800
50	50	3800
51	1	3800
51	2	3800
51	3	3800
51	4	3800
51	5	3800
51	6	3800
51	7	3800
51	8	3800
51	9	3800
51	10	3800
51	11	3800
51	12	3800
51	13	3800
51	14	3800
51	15	3800
51	16	3800
51	17	3800
51	18	3800
51	19	3800
51	20	3800
51	21	3800
51	22	3800
51	23	3800
51	24	3800
51	25	3800
51	26	3800
51	27	3800
51	28	3800
51	29	3800
51	30	3800
51	31	3800
51	32	3800
51	33	3800
51	34	3800
51	35	3800
51	36	3800
51	37	3800
51	38	3800
51	39	3800
51	40	3800
51	41	3800
51	42	3800
51	43	3800
51	44	3800
51	45	3800
51	46	3800
51	47	3800
51	48	3800
51	49	3800
51	50	3800
52	1	3800
52	2	3800
52	3	3800
52	4	3800
52	5	3800
52	6	3800
52	7	3800
52	8	3800
52	9	3800
52	10	3800
52	11	3800
52	12	3800
52	13	3800
52	14	3800
52	15	3800
52	16	3800
52	17	3800
52	18	3800
52	19	3800
52	20	3800
52	21	3800
52	22	3800
52	23	3800
52	24	3800
52	25	3800
52	26	3800
52	27	3800
52	28	3800
52	29	3800
52	30	3800
52	31	3800
52	32	3800
52	33	3800
52	34	3800
52	35	3800
52	36	3800
52	37	3800
52	38	3800
52	39	3800
52	40	3800
52	41	3800
52	42	3800
52	43	3800
52	44	3800
52	45	3800
52	46	3800
52	47	3800
52	48	3800
52	49	3800
52	50	3800
53	1	3800
53	2	3800
53	3	3800
53	4	3800
53	5	3800
53	6	3800
53	7	3800
53	8	3800
53	9	3800
53	10	3800
53	11	3800
53	12	3800
53	13	3800
53	14	3800
53	15	3800
53	16	3800
53	17	3800
53	18	3800
53	19	3800
53	20	3800
53	21	3800
53	22	3800
53	23	3800
53	24	3800
53	25	3800
53	26	3800
53	27	3800
53	28	3800
53	29	3800
53	30	3800
53	31	3800
53	32	3800
53	33	3800
53	34	3800
53	35	3800
53	36	3800
53	37	3800
53	38	3800
53	39	3800
53	40	3800
53	41	3800
53	42	3800
53	43	3800
53	44	3800
53	45	3800
53	46	3800
53	47	3800
53	48	3800
53	49	3800
53	50	3800
54	1	3800
54	2	3800
54	3	3800
54	4	3800
54	5	3800
54	6	3800
54	7	3800
54	8	3800
54	9	3800
54	10	3800
54	11	3800
54	12	3800
54	13	3800
54	14	3800
54	15	3800
54	16	3800
54	17	3800
54	18	3800
54	19	3800
54	20	3800
54	21	3800
54	22	3800
54	23	3800
54	24	3800
54	25	3800
54	26	3800
54	27	3800
54	28	3800
54	29	3800
54	30	3800
54	31	3800
54	32	3800
54	33	3800
54	34	3800
54	35	3800
54	36	3800
54	37	3800
54	38	3800
54	39	3800
54	40	3800
54	41	3800
54	42	3800
54	43	3800
54	44	3800
54	45	3800
54	46	3800
54	47	3800
54	48	3800
54	49	3800
54	50	3800
55	1	3800
55	2	3800
55	3	3800
55	4	3800
55	5	3800
55	6	3800
55	7	3800
55	8	3800
55	9	3800
55	10	3800
55	11	3800
55	12	3800
55	13	3800
55	14	3800
55	15	3800
55	16	3800
55	17	3800
55	18	3800
55	19	3800
55	20	3800
55	21	3800
55	22	3800
55	23	3800
55	24	3800
55	25	3800
55	26	3800
55	27	3800
55	28	3800
55	29	3800
55	30	3800
55	31	3800
55	32	3800
55	33	3800
55	34	3800
55	35	3800
55	36	3800
55	37	3800
55	38	3800
55	39	3800
55	40	3800
55	41	3800
55	42	3800
55	43	3800
55	44	3800
55	45	3800
55	46	3800
55	47	3800
55	48	3800
55	49	3800
55	50	3800
56	1	3800
56	2	3800
56	3	3800
56	4	3800
56	5	3800
56	6	3800
56	7	3800
56	8	3800
56	9	3800
56	10	3800
56	11	3800
56	12	3800
56	13	3800
56	14	3800
56	15	3800
56	16	3800
56	17	3800
56	18	3800
56	19	3800
56	20	3800
56	21	3800
56	22	3800
56	23	3800
56	24	3800
56	25	3800
56	26	3800
56	27	3800
56	28	3800
56	29	3800
56	30	3800
56	31	3800
56	32	3800
56	33	3800
56	34	3800
56	35	3800
56	36	3800
56	37	3800
56	38	3800
56	39	3800
56	40	3800
56	41	3800
56	42	3800
56	43	3800
56	44	3800
56	45	3800
56	46	3800
56	47	3800
56	48	3800
56	49	3800
56	50	3800
57	1	3800
57	2	3800
57	3	3800
57	4	3800
57	5	3800
57	6	3800
57	7	3800
57	8	3800
57	9	3800
57	10	3800
57	11	3800
57	12	3800
57	13	3800
57	14	3800
57	15	3800
57	16	3800
57	17	3800
57	18	3800
57	19	3800
57	20	3800
57	21	3800
57	22	3800
57	23	3800
57	24	3800
57	25	3800
57	26	3800
57	27	3800
57	28	3800
57	29	3800
57	30	3800
57	31	3800
57	32	3800
57	33	3800
57	34	3800
57	35	3800
57	36	3800
57	37	3800
57	38	3800
57	39	3800
57	40	3800
57	41	3800
57	42	3800
57	43	3800
57	44	3800
57	45	3800
57	46	3800
57	47	3800
57	48	3800
57	49	3800
57	50	3800
58	1	3800
58	2	3800
58	3	3800
58	4	3800
58	5	3800
58	6	3800
58	7	3800
58	8	3800
58	9	3800
58	10	3800
58	11	3800
58	12	3800
58	13	3800
58	14	3800
58	15	3800
58	16	3800
58	17	3800
58	18	3800
58	19	3800
58	20	3800
58	21	3800
58	22	3800
58	23	3800
58	24	3800
58	25	3800
58	26	3800
58	27	3800
58	28	3800
58	29	3800
58	30	3800
58	31	3800
58	32	3800
58	33	3800
58	34	3800
58	35	3800
58	36	3800
58	37	3800
58	38	3800
58	39	3800
58	40	3800
58	41	3800
58	42	3800
58	43	3800
58	44	3800
58	45	3800
58	46	3800
58	47	3800
58	48	3800
58	49	3800
58	50	3800
59	1	3800
59	2	3800
59	3	3800
59	4	3800
59	5	3800
59	6	3800
59	7	3800
59	8	3800
59	9	3800
59	10	3800
59	11	3800
59	12	3800
59	13	3800
59	14	3800
59	15	3800
59	16	3800
59	17	3800
59	18	3800
59	19	3800
59	20	3800
59	21	3800
59	22	3800
59	23	3800
59	24	3800
59	25	3800
59	26	3800
59	27	3800
59	28	3800
59	29	3800
59	30	3800
59	31	3800
59	32	3800
59	33	3800
59	34	3800
59	35	3800
59	36	3800
59	37	3800
59	38	3800
59	39	3800
59	40	3800
59	41	3800
59	42	3800
59	43	3800
59	44	3800
59	45	3800
59	46	3800
59	47	3800
59	48	3800
59	49	3800
59	50	3800
60	1	3800
60	2	3800
60	3	3800
60	4	3800
60	5	3800
60	6	3800
60	7	3800
60	8	3800
60	9	3800
60	10	3800
60	11	3800
60	12	3800
60	13	3800
60	14	3800
60	15	3800
60	16	3800
60	17	3800
60	18	3800
60	19	3800
60	20	3800
60	21	3800
60	22	3800
60	23	3800
60	24	3800
60	25	3800
60	26	3800
60	27	3800
60	28	3800
60	29	3800
60	30	3800
60	31	3800
60	32	3800
60	33	3800
60	34	3800
60	35	3800
60	36	3800
60	37	3800
60	38	3800
60	39	3800
60	40	3800
60	41	3800
60	42	3800
60	43	3800
60	44	3800
60	45	3800
60	46	3800
60	47	3800
60	48	3800
60	49	3800
60	50	3800
61	1	3800
61	2	3800
61	3	3800
61	4	3800
61	5	3800
61	6	3800
61	7	3800
61	8	3800
61	9	3800
61	10	3800
61	11	3800
61	12	3800
61	13	3800
61	14	3800
61	15	3800
61	16	3800
61	17	3800
61	18	3800
61	19	3800
61	20	3800
61	21	3800
61	22	3800
61	23	3800
61	24	3800
61	25	3800
61	26	3800
61	27	3800
61	28	3800
61	29	3800
61	30	3800
61	31	3800
61	32	3800
61	33	3800
61	34	3800
61	35	3800
61	36	3800
61	37	3800
61	38	3800
61	39	3800
61	40	3800
61	41	3800
61	42	3800
61	43	3800
61	44	3800
61	45	3800
61	46	3800
61	47	3800
61	48	3800
61	49	3800
61	50	3800
62	1	3800
62	2	3800
62	3	3800
62	4	3800
62	5	3800
62	6	3800
62	7	3800
62	8	3800
62	9	3800
62	10	3800
62	11	3800
62	12	3800
62	13	3800
62	14	3800
62	15	3800
62	16	3800
62	17	3800
62	18	3800
62	19	3800
62	20	3800
62	21	3800
62	22	3800
62	23	3800
62	24	3800
62	25	3800
62	26	3800
62	27	3800
62	28	3800
62	29	3800
62	30	3800
62	31	3800
62	32	3800
62	33	3800
62	34	3800
62	35	3800
62	36	3800
62	37	3800
62	38	3800
62	39	3800
62	40	3800
62	41	3800
62	42	3800
62	43	3800
62	44	3800
62	45	3800
62	46	3800
62	47	3800
62	48	3800
62	49	3800
62	50	3800
63	1	3800
63	2	3800
63	3	3800
63	4	3800
63	5	3800
63	6	3800
63	7	3800
63	8	3800
63	9	3800
63	10	3800
63	11	3800
63	12	3800
63	13	3800
63	14	3800
63	15	3800
63	16	3800
63	17	3800
63	18	3800
63	19	3800
63	20	3800
63	21	3800
63	22	3800
63	23	3800
63	24	3800
63	25	3800
63	26	3800
63	27	3800
63	28	3800
63	29	3800
63	30	3800
63	31	3800
63	32	3800
63	33	3800
63	34	3800
63	35	3800
63	36	3800
63	37	3800
63	38	3800
63	39	3800
63	40	3800
63	41	3800
63	42	3800
63	43	3800
63	44	3800
63	45	3800
63	46	3800
63	47	3800
63	48	3800
63	49	3800
63	50	3800
64	1	3800
64	2	3800
64	3	3800
64	4	3800
64	5	3800
64	6	3800
64	7	3800
64	8	3800
64	9	3800
64	10	3800
64	11	3800
64	12	3800
64	13	3800
64	14	3800
64	15	3800
64	16	3800
64	17	3800
64	18	3800
64	19	3800
64	20	3800
64	21	3800
64	22	3800
64	23	3800
64	24	3800
64	25	3800
64	26	3800
64	27	3800
64	28	3800
64	29	3800
64	30	3800
64	31	3800
64	32	3800
64	33	3800
64	34	3800
64	35	3800
64	36	3800
64	37	3800
64	38	3800
64	39	3800
64	40	3800
64	41	3800
64	42	3800
64	43	3800
64	44	3800
64	45	3800
64	46	3800
64	47	3800
64	48	3800
64	49	3800
64	50	3800
65	1	3800
65	2	3800
65	3	3800
65	4	3800
65	5	3800
65	6	3800
65	7	3800
65	8	3800
65	9	3800
65	10	3800
65	11	3800
65	12	3800
65	13	3800
65	14	3800
65	15	3800
65	16	3800
65	17	3800
65	18	3800
65	19	3800
65	20	3800
65	21	3800
65	22	3800
65	23	3800
65	24	3800
65	25	3800
65	26	3800
65	27	3800
65	28	3800
65	29	3800
65	30	3800
65	31	3800
65	32	3800
65	33	3800
65	34	3800
65	35	3800
65	36	3800
65	37	3800
65	38	3800
65	39	3800
65	40	3800
65	41	3800
65	42	3800
65	43	3800
65	44	3800
65	45	3800
65	46	3800
65	47	3800
65	48	3800
65	49	3800
65	50	3800
66	1	3800
66	2	3800
66	3	3800
66	4	3800
66	5	3800
66	6	3800
66	7	3800
66	8	3800
66	9	3800
66	10	3800
66	11	3800
66	12	3800
66	13	3800
66	14	3800
66	15	3800
66	16	3800
66	17	3800
66	18	3800
66	19	3800
66	20	3800
66	21	3800
66	22	3800
66	23	3800
66	24	3800
66	25	3800
66	26	3800
66	27	3800
66	28	3800
66	29	3800
66	30	3800
66	31	3800
66	32	3800
66	33	3800
66	34	3800
66	35	3800
66	36	3800
66	37	3800
66	38	3800
66	39	3800
66	40	3800
66	41	3800
66	42	3800
66	43	3800
66	44	3800
66	45	3800
66	46	3800
66	47	3800
66	48	3800
66	49	3800
66	50	3800
67	1	3800
67	2	3800
67	3	3800
67	4	3800
67	5	3800
67	6	3800
67	7	3800
67	8	3800
67	9	3800
67	10	3800
67	11	3800
67	12	3800
67	13	3800
67	14	3800
67	15	3800
67	16	3800
67	17	3800
67	18	3800
67	19	3800
67	20	3800
67	21	3800
67	22	3800
67	23	3800
67	24	3800
67	25	3800
67	26	3800
67	27	3800
67	28	3800
67	29	3800
67	30	3800
67	31	3800
67	32	3800
67	33	3800
67	34	3800
67	35	3800
67	36	3800
67	37	3800
67	38	3800
67	39	3800
67	40	3800
67	41	3800
67	42	3800
67	43	3800
67	44	3800
67	45	3800
67	46	3800
67	47	3800
67	48	3800
67	49	3800
67	50	3800
68	1	3800
68	2	3800
68	3	3800
68	4	3800
68	5	3800
68	6	3800
68	7	3800
68	8	3800
68	9	3800
68	10	3800
68	11	3800
68	12	3800
68	13	3800
68	14	3800
68	15	3800
68	16	3800
68	17	3800
68	18	3800
68	19	3800
68	20	3800
68	21	3800
68	22	3800
68	23	3800
68	24	3800
68	25	3800
68	26	3800
68	27	3800
68	28	3800
68	29	3800
68	30	3800
68	31	3800
68	32	3800
68	33	3800
68	34	3800
68	35	3800
68	36	3800
68	37	3800
68	38	3800
68	39	3800
68	40	3800
68	41	3800
68	42	3800
68	43	3800
68	44	3800
68	45	3800
68	46	3800
68	47	3800
68	48	3800
68	49	3800
68	50	3800
69	1	3800
69	2	3800
69	3	3800
69	4	3800
69	5	3800
69	6	3800
69	7	3800
69	8	3800
69	9	3800
69	10	3800
69	11	3800
69	12	3800
69	13	3800
69	14	3800
69	15	3800
69	16	3800
69	17	3800
69	18	3800
69	19	3800
69	20	3800
69	21	3800
69	22	3800
69	23	3800
69	24	3800
69	25	3800
69	26	3800
69	27	3800
69	28	3800
69	29	3800
69	30	3800
69	31	3800
69	32	3800
69	33	3800
69	34	3800
69	35	3800
69	36	3800
69	37	3800
69	38	3800
69	39	3800
69	40	3800
69	41	3800
69	42	3800
69	43	3800
69	44	3800
69	45	3800
69	46	3800
69	47	3800
69	48	3800
69	49	3800
69	50	3800
70	1	3800
70	2	3800
70	3	3800
70	4	3800
70	5	3800
70	6	3800
70	7	3800
70	8	3800
70	9	3800
70	10	3800
70	11	3800
70	12	3800
70	13	3800
70	14	3800
70	15	3800
70	16	3800
70	17	3800
70	18	3800
70	19	3800
70	20	3800
70	21	3800
70	22	3800
70	23	3800
70	24	3800
70	25	3800
70	26	3800
70	27	3800
70	28	3800
70	29	3800
70	30	3800
70	31	3800
70	32	3800
70	33	3800
70	34	3800
70	35	3800
70	36	3800
70	37	3800
70	38	3800
70	39	3800
70	40	3800
70	41	3800
70	42	3800
70	43	3800
70	44	3800
70	45	3800
70	46	3800
70	47	3800
70	48	3800
70	49	3800
70	50	3800
71	1	3800
71	2	3800
71	3	3800
71	4	3800
71	5	3800
71	6	3800
71	7	3800
71	8	3800
71	9	3800
71	10	3800
71	11	3800
71	12	3800
71	13	3800
71	14	3800
71	15	3800
71	16	3800
71	17	3800
71	18	3800
71	19	3800
71	20	3800
71	21	3800
71	22	3800
71	23	3800
71	24	3800
71	25	3800
71	26	3800
71	27	3800
71	28	3800
71	29	3800
71	30	3800
71	31	3800
71	32	3800
71	33	3800
71	34	3800
71	35	3800
71	36	3800
71	37	3800
71	38	3800
71	39	3800
71	40	3800
71	41	3800
71	42	3800
71	43	3800
71	44	3800
71	45	3800
71	46	3800
71	47	3800
71	48	3800
71	49	3800
71	50	3800
72	1	3800
72	2	3800
72	3	3800
72	4	3800
72	5	3800
72	6	3800
72	7	3800
72	8	3800
72	9	3800
72	10	3800
72	11	3800
72	12	3800
72	13	3800
72	14	3800
72	15	3800
72	16	3800
72	17	3800
72	18	3800
72	19	3800
72	20	3800
72	21	3800
72	22	3800
72	23	3800
72	24	3800
72	25	3800
72	26	3800
72	27	3800
72	28	3800
72	29	3800
72	30	3800
72	31	3800
72	32	3800
72	33	3800
72	34	3800
72	35	3800
72	36	3800
72	37	3800
72	38	3800
72	39	3800
72	40	3800
72	41	3800
72	42	3800
72	43	3800
72	44	3800
72	45	3800
72	46	3800
72	47	3800
72	48	3800
72	49	3800
72	50	3800
73	1	3800
73	2	3800
73	3	3800
73	4	3800
73	5	3800
73	6	3800
73	7	3800
73	8	3800
73	9	3800
73	10	3800
73	11	3800
73	12	3800
73	13	3800
73	14	3800
73	15	3800
73	16	3800
73	17	3800
73	18	3800
73	19	3800
73	20	3800
73	21	3800
73	22	3800
73	23	3800
73	24	3800
73	25	3800
73	26	3800
73	27	3800
73	28	3800
73	29	3800
73	30	3800
73	31	3800
73	32	3800
73	33	3800
73	34	3800
73	35	3800
73	36	3800
73	37	3800
73	38	3800
73	39	3800
73	40	3800
73	41	3800
73	42	3800
73	43	3800
73	44	3800
73	45	3800
73	46	3800
73	47	3800
73	48	3800
73	49	3800
73	50	3800
74	1	3800
74	2	3800
74	3	3800
74	4	3800
74	5	3800
74	6	3800
74	7	3800
74	8	3800
74	9	3800
74	10	3800
74	11	3800
74	12	3800
74	13	3800
74	14	3800
74	15	3800
74	16	3800
74	17	3800
74	18	3800
74	19	3800
74	20	3800
74	21	3800
74	22	3800
74	23	3800
74	24	3800
74	25	3800
74	26	3800
74	27	3800
74	28	3800
74	29	3800
74	30	3800
74	31	3800
74	32	3800
74	33	3800
74	34	3800
74	35	3800
74	36	3800
74	37	3800
74	38	3800
74	39	3800
74	40	3800
74	41	3800
74	42	3800
74	43	3800
74	44	3800
74	45	3800
74	46	3800
74	47	3800
74	48	3800
74	49	3800
74	50	3800
75	1	3800
75	2	3800
75	3	3800
75	4	3800
75	5	3800
75	6	3800
75	7	3800
75	8	3800
75	9	3800
75	10	3800
75	11	3800
75	12	3800
75	13	3800
75	14	3800
75	15	3800
75	16	3800
75	17	3800
75	18	3800
75	19	3800
75	20	3800
75	21	3800
75	22	3800
75	23	3800
75	24	3800
75	25	3800
75	26	3800
75	27	3800
75	28	3800
75	29	3800
75	30	3800
75	31	3800
75	32	3800
75	33	3800
75	34	3800
75	35	3800
75	36	3800
75	37	3800
75	38	3800
75	39	3800
75	40	3800
75	41	3800
75	42	3800
75	43	3800
75	44	3800
75	45	3800
75	46	3800
75	47	3800
75	48	3800
75	49	3800
75	50	3800
76	1	3800
76	2	3800
76	3	3800
76	4	3800
76	5	3800
76	6	3800
76	7	3800
76	8	3800
76	9	3800
76	10	3800
76	11	3800
76	12	3800
76	13	3800
76	14	3800
76	15	3800
76	16	3800
76	17	3800
76	18	3800
76	19	3800
76	20	3800
76	21	3800
76	22	3800
76	23	3800
76	24	3800
76	25	3800
76	26	3800
76	27	3800
76	28	3800
76	29	3800
76	30	3800
76	31	3800
76	32	3800
76	33	3800
76	34	3800
76	35	3800
76	36	3800
76	37	3800
76	38	3800
76	39	3800
76	40	3800
76	41	3800
76	42	3800
76	43	3800
76	44	3800
76	45	3800
76	46	3800
76	47	3800
76	48	3800
76	49	3800
76	50	3800
77	1	3800
77	2	3800
77	3	3800
77	4	3800
77	5	3800
77	6	3800
77	7	3800
77	8	3800
77	9	3800
77	10	3800
77	11	3800
77	12	3800
77	13	3800
77	14	3800
77	15	3800
77	16	3800
77	17	3800
77	18	3800
77	19	3800
77	20	3800
77	21	3800
77	22	3800
77	23	3800
77	24	3800
77	25	3800
77	26	3800
77	27	3800
77	28	3800
77	29	3800
77	30	3800
77	31	3800
77	32	3800
77	33	3800
77	34	3800
77	35	3800
77	36	3800
77	37	3800
77	38	3800
77	39	3800
77	40	3800
77	41	3800
77	42	3800
77	43	3800
77	44	3800
77	45	3800
77	46	3800
77	47	3800
77	48	3800
77	49	3800
77	50	3800
78	1	3800
78	2	3800
78	3	3800
78	4	3800
78	5	3800
78	6	3800
78	7	3800
78	8	3800
78	9	3800
78	10	3800
78	11	3800
78	12	3800
78	13	3800
78	14	3800
78	15	3800
78	16	3800
78	17	3800
78	18	3800
78	19	3800
78	20	3800
78	21	3800
78	22	3800
78	23	3800
78	24	3800
78	25	3800
78	26	3800
78	27	3800
78	28	3800
78	29	3800
78	30	3800
78	31	3800
78	32	3800
78	33	3800
78	34	3800
78	35	3800
78	36	3800
78	37	3800
78	38	3800
78	39	3800
78	40	3800
78	41	3800
78	42	3800
78	43	3800
78	44	3800
78	45	3800
78	46	3800
78	47	3800
78	48	3800
78	49	3800
78	50	3800
79	1	3800
79	2	3800
79	3	3800
79	4	3800
79	5	3800
79	6	3800
79	7	3800
79	8	3800
79	9	3800
79	10	3800
79	11	3800
79	12	3800
79	13	3800
79	14	3800
79	15	3800
79	16	3800
79	17	3800
79	18	3800
79	19	3800
79	20	3800
79	21	3800
79	22	3800
79	23	3800
79	24	3800
79	25	3800
79	26	3800
79	27	3800
79	28	3800
79	29	3800
79	30	3800
79	31	3800
79	32	3800
79	33	3800
79	34	3800
79	35	3800
79	36	3800
79	37	3800
79	38	3800
79	39	3800
79	40	3800
79	41	3800
79	42	3800
79	43	3800
79	44	3800
79	45	3800
79	46	3800
79	47	3800
79	48	3800
79	49	3800
79	50	3800
80	1	3800
80	2	3800
80	3	3800
80	4	3800
80	5	3800
80	6	3800
80	7	3800
80	8	3800
80	9	3800
80	10	3800
80	11	3800
80	12	3800
80	13	3800
80	14	3800
80	15	3800
80	16	3800
80	17	3800
80	18	3800
80	19	3800
80	20	3800
80	21	3800
80	22	3800
80	23	3800
80	24	3800
80	25	3800
80	26	3800
80	27	3800
80	28	3800
80	29	3800
80	30	3800
80	31	3800
80	32	3800
80	33	3800
80	34	3800
80	35	3800
80	36	3800
80	37	3800
80	38	3800
80	39	3800
80	40	3800
80	41	3800
80	42	3800
80	43	3800
80	44	3800
80	45	3800
80	46	3800
80	47	3800
80	48	3800
80	49	3800
80	50	3800
81	1	3800
81	2	3800
81	3	3800
81	4	3800
81	5	3800
81	6	3800
81	7	3800
81	8	3800
81	9	3800
81	10	3800
81	11	3800
81	12	3800
81	13	3800
81	14	3800
81	15	3800
81	16	3800
81	17	3800
81	18	3800
81	19	3800
81	20	3800
81	21	3800
81	22	3800
81	23	3800
81	24	3800
81	25	3800
81	26	3800
81	27	3800
81	28	3800
81	29	3800
81	30	3800
81	31	3800
81	32	3800
81	33	3800
81	34	3800
81	35	3800
81	36	3800
81	37	3800
81	38	3800
81	39	3800
81	40	3800
81	41	3800
81	42	3800
81	43	3800
81	44	3800
81	45	3800
81	46	3800
81	47	3800
81	48	3800
81	49	3800
81	50	3800
82	1	3800
82	2	3800
82	3	3800
82	4	3800
82	5	3800
82	6	3800
82	7	3800
82	8	3800
82	9	3800
82	10	3800
82	11	3800
82	12	3800
82	13	3800
82	14	3800
82	15	3800
82	16	3800
82	17	3800
82	18	3800
82	19	3800
82	20	3800
82	21	3800
82	22	3800
82	23	3800
82	24	3800
82	25	3800
82	26	3800
82	27	3800
82	28	3800
82	29	3800
82	30	3800
82	31	3800
82	32	3800
82	33	3800
82	34	3800
82	35	3800
82	36	3800
82	37	3800
82	38	3800
82	39	3800
82	40	3800
82	41	3800
82	42	3800
82	43	3800
82	44	3800
82	45	3800
82	46	3800
82	47	3800
82	48	3800
82	49	3800
82	50	3800
83	1	3800
83	2	3800
83	3	3800
83	4	3800
83	5	3800
83	6	3800
83	7	3800
83	8	3800
83	9	3800
83	10	3800
83	11	3800
83	12	3800
83	13	3800
83	14	3800
83	15	3800
83	16	3800
83	17	3800
83	18	3800
83	19	3800
83	20	3800
83	21	3800
83	22	3800
83	23	3800
83	24	3800
83	25	3800
83	26	3800
83	27	3800
83	28	3800
83	29	3800
83	30	3800
83	31	3800
83	32	3800
83	33	3800
83	34	3800
83	35	3800
83	36	3800
83	37	3800
83	38	3800
83	39	3800
83	40	3800
83	41	3800
83	42	3800
83	43	3800
83	44	3800
83	45	3800
83	46	3800
83	47	3800
83	48	3800
83	49	3800
83	50	3800
84	1	3800
84	2	3800
84	3	3800
84	4	3800
84	5	3800
84	6	3800
84	7	3800
84	8	3800
84	9	3800
84	10	3800
84	11	3800
84	12	3800
84	13	3800
84	14	3800
84	15	3800
84	16	3800
84	17	3800
84	18	3800
84	19	3800
84	20	3800
84	21	3800
84	22	3800
84	23	3800
84	24	3800
84	25	3800
84	26	3800
84	27	3800
84	28	3800
84	29	3800
84	30	3800
84	31	3800
84	32	3800
84	33	3800
84	34	3800
84	35	3800
84	36	3800
84	37	3800
84	38	3800
84	39	3800
84	40	3800
84	41	3800
84	42	3800
84	43	3800
84	44	3800
84	45	3800
84	46	3800
84	47	3800
84	48	3800
84	49	3800
84	50	3800
85	1	3800
85	2	3800
85	3	3800
85	4	3800
85	5	3800
85	6	3800
85	7	3800
85	8	3800
85	9	3800
85	10	3800
85	11	3800
85	12	3800
85	13	3800
85	14	3800
85	15	3800
85	16	3800
85	17	3800
85	18	3800
85	19	3800
85	20	3800
85	21	3800
85	22	3800
85	23	3800
85	24	3800
85	25	3800
85	26	3800
85	27	3800
85	28	3800
85	29	3800
85	30	3800
85	31	3800
85	32	3800
85	33	3800
85	34	3800
85	35	3800
85	36	3800
85	37	3800
85	38	3800
85	39	3800
85	40	3800
85	41	3800
85	42	3800
85	43	3800
85	44	3800
85	45	3800
85	46	3800
85	47	3800
85	48	3800
85	49	3800
85	50	3800
86	1	3800
86	2	3800
86	3	3800
86	4	3800
86	5	3800
86	6	3800
86	7	3800
86	8	3800
86	9	3800
86	10	3800
86	11	3800
86	12	3800
86	13	3800
86	14	3800
86	15	3800
86	16	3800
86	17	3800
86	18	3800
86	19	3800
86	20	3800
86	21	3800
86	22	3800
86	23	3800
86	24	3800
86	25	3800
86	26	3800
86	27	3800
86	28	3800
86	29	3800
86	30	3800
86	31	3800
86	32	3800
86	33	3800
86	34	3800
86	35	3800
86	36	3800
86	37	3800
86	38	3800
86	39	3800
86	40	3800
86	41	3800
86	42	3800
86	43	3800
86	44	3800
86	45	3800
86	46	3800
86	47	3800
86	48	3800
86	49	3800
86	50	3800
87	1	3800
87	2	3800
87	3	3800
87	4	3800
87	5	3800
87	6	3800
87	7	3800
87	8	3800
87	9	3800
87	10	3800
87	11	3800
87	12	3800
87	13	3800
87	14	3800
87	15	3800
87	16	3800
87	17	3800
87	18	3800
87	19	3800
87	20	3800
87	21	3800
87	22	3800
87	23	3800
87	24	3800
87	25	3800
87	26	3800
87	27	3800
87	28	3800
87	29	3800
87	30	3800
87	31	3800
87	32	3800
87	33	3800
87	34	3800
87	35	3800
87	36	3800
87	37	3800
87	38	3800
87	39	3800
87	40	3800
87	41	3800
87	42	3800
87	43	3800
87	44	3800
87	45	3800
87	46	3800
87	47	3800
87	48	3800
87	49	3800
87	50	3800
88	1	3800
88	2	3800
88	3	3800
88	4	3800
88	5	3800
88	6	3800
88	7	3800
88	8	3800
88	9	3800
88	10	3800
88	11	3800
88	12	3800
88	13	3800
88	14	3800
88	15	3800
88	16	3800
88	17	3800
88	18	3800
88	19	3800
88	20	3800
88	21	3800
88	22	3800
88	23	3800
88	24	3800
88	25	3800
88	26	3800
88	27	3800
88	28	3800
88	29	3800
88	30	3800
88	31	3800
88	32	3800
88	33	3800
88	34	3800
88	35	3800
88	36	3800
88	37	3800
88	38	3800
88	39	3800
88	40	3800
88	41	3800
88	42	3800
88	43	3800
88	44	3800
88	45	3800
88	46	3800
88	47	3800
88	48	3800
88	49	3800
88	50	3800
89	1	3800
89	2	3800
89	3	3800
89	4	3800
89	5	3800
89	6	3800
89	7	3800
89	8	3800
89	9	3800
89	10	3800
89	11	3800
89	12	3800
89	13	3800
89	14	3800
89	15	3800
89	16	3800
89	17	3800
89	18	3800
89	19	3800
89	20	3800
89	21	3800
89	22	3800
89	23	3800
89	24	3800
89	25	3800
89	26	3800
89	27	3800
89	28	3800
89	29	3800
89	30	3800
89	31	3800
89	32	3800
89	33	3800
89	34	3800
89	35	3800
89	36	3800
89	37	3800
89	38	3800
89	39	3800
89	40	3800
89	41	3800
89	42	3800
89	43	3800
89	44	3800
89	45	3800
89	46	3800
89	47	3800
89	48	3800
89	49	3800
89	50	3800
90	1	3800
90	2	3800
90	3	3800
90	4	3800
90	5	3800
90	6	3800
90	7	3800
90	8	3800
90	9	3800
90	10	3800
90	11	3800
90	12	3800
90	13	3800
90	14	3800
90	15	3800
90	16	3800
90	17	3800
90	18	3800
90	19	3800
90	20	3800
90	21	3800
90	22	3800
90	23	3800
90	24	3800
90	25	3800
90	26	3800
90	27	3800
90	28	3800
90	29	3800
90	30	3800
90	31	3800
90	32	3800
90	33	3800
90	34	3800
90	35	3800
90	36	3800
90	37	3800
90	38	3800
90	39	3800
90	40	3800
90	41	3800
90	42	3800
90	43	3800
90	44	3800
90	45	3800
90	46	3800
90	47	3800
90	48	3800
90	49	3800
90	50	3800
91	1	3800
91	2	3800
91	3	3800
91	4	3800
91	5	3800
91	6	3800
91	7	3800
91	8	3800
91	9	3800
91	10	3800
91	11	3800
91	12	3800
91	13	3800
91	14	3800
91	15	3800
91	16	3800
91	17	3800
91	18	3800
91	19	3800
91	20	3800
91	21	3800
91	22	3800
91	23	3800
91	24	3800
91	25	3800
91	26	3800
91	27	3800
91	28	3800
91	29	3800
91	30	3800
91	31	3800
91	32	3800
91	33	3800
91	34	3800
91	35	3800
91	36	3800
91	37	3800
91	38	3800
91	39	3800
91	40	3800
91	41	3800
91	42	3800
91	43	3800
91	44	3800
91	45	3800
91	46	3800
91	47	3800
91	48	3800
91	49	3800
91	50	3800
92	1	3800
92	2	3800
92	3	3800
92	4	3800
92	5	3800
92	6	3800
92	7	3800
92	8	3800
92	9	3800
92	10	3800
92	11	3800
92	12	3800
92	13	3800
92	14	3800
92	15	3800
92	16	3800
92	17	3800
92	18	3800
92	19	3800
92	20	3800
92	21	3800
92	22	3800
92	23	3800
92	24	3800
92	25	3800
92	26	3800
92	27	3800
92	28	3800
92	29	3800
92	30	3800
92	31	3800
92	32	3800
92	33	3800
92	34	3800
92	35	3800
92	36	3800
92	37	3800
92	38	3800
92	39	3800
92	40	3800
92	41	3800
92	42	3800
92	43	3800
92	44	3800
92	45	3800
92	46	3800
92	47	3800
92	48	3800
92	49	3800
92	50	3800
93	1	3800
93	2	3800
93	3	3800
93	4	3800
93	5	3800
93	6	3800
93	7	3800
93	8	3800
93	9	3800
93	10	3800
93	11	3800
93	12	3800
93	13	3800
93	14	3800
93	15	3800
93	16	3800
93	17	3800
93	18	3800
93	19	3800
93	20	3800
93	21	3800
93	22	3800
93	23	3800
93	24	3800
93	25	3800
93	26	3800
93	27	3800
93	28	3800
93	29	3800
93	30	3800
93	31	3800
93	32	3800
93	33	3800
93	34	3800
93	35	3800
93	36	3800
93	37	3800
93	38	3800
93	39	3800
93	40	3800
93	41	3800
93	42	3800
93	43	3800
93	44	3800
93	45	3800
93	46	3800
93	47	3800
93	48	3800
93	49	3800
93	50	3800
94	1	3800
94	2	3800
94	3	3800
94	4	3800
94	5	3800
94	6	3800
94	7	3800
94	8	3800
94	9	3800
94	10	3800
94	11	3800
94	12	3800
94	13	3800
94	14	3800
94	15	3800
94	16	3800
94	17	3800
94	18	3800
94	19	3800
94	20	3800
94	21	3800
94	22	3800
94	23	3800
94	24	3800
94	25	3800
94	26	3800
94	27	3800
94	28	3800
94	29	3800
94	30	3800
94	31	3800
94	32	3800
94	33	3800
94	34	3800
94	35	3800
94	36	3800
94	37	3800
94	38	3800
94	39	3800
94	40	3800
94	41	3800
94	42	3800
94	43	3800
94	44	3800
94	45	3800
94	46	3800
94	47	3800
94	48	3800
94	49	3800
94	50	3800
95	1	3800
95	2	3800
95	3	3800
95	4	3800
95	5	3800
95	6	3800
95	7	3800
95	8	3800
95	9	3800
95	10	3800
95	11	3800
95	12	3800
95	13	3800
95	14	3800
95	15	3800
95	16	3800
95	17	3800
95	18	3800
95	19	3800
95	20	3800
95	21	3800
95	22	3800
95	23	3800
95	24	3800
95	25	3800
95	26	3800
95	27	3800
95	28	3800
95	29	3800
95	30	3800
95	31	3800
95	32	3800
95	33	3800
95	34	3800
95	35	3800
95	36	3800
95	37	3800
95	38	3800
95	39	3800
95	40	3800
95	41	3800
95	42	3800
95	43	3800
95	44	3800
95	45	3800
95	46	3800
95	47	3800
95	48	3800
95	49	3800
95	50	3800
96	1	3800
96	2	3800
96	3	3800
96	4	3800
96	5	3800
96	6	3800
96	7	3800
96	8	3800
96	9	3800
96	10	3800
96	11	3800
96	12	3800
96	13	3800
96	14	3800
96	15	3800
96	16	3800
96	17	3800
96	18	3800
96	19	3800
96	20	3800
96	21	3800
96	22	3800
96	23	3800
96	24	3800
96	25	3800
96	26	3800
96	27	3800
96	28	3800
96	29	3800
96	30	3800
96	31	3800
96	32	3800
96	33	3800
96	34	3800
96	35	3800
96	36	3800
96	37	3800
96	38	3800
96	39	3800
96	40	3800
96	41	3800
96	42	3800
96	43	3800
96	44	3800
96	45	3800
96	46	3800
96	47	3800
96	48	3800
96	49	3800
96	50	3800
97	1	3800
97	2	3800
97	3	3800
97	4	3800
97	5	3800
97	6	3800
97	7	3800
97	8	3800
97	9	3800
97	10	3800
97	11	3800
97	12	3800
97	13	3800
97	14	3800
97	15	3800
97	16	3800
97	17	3800
97	18	3800
97	19	3800
97	20	3800
97	21	3800
97	22	3800
97	23	3800
97	24	3800
97	25	3800
97	26	3800
97	27	3800
97	28	3800
97	29	3800
97	30	3800
97	31	3800
97	32	3800
97	33	3800
97	34	3800
97	35	3800
97	36	3800
97	37	3800
97	38	3800
97	39	3800
97	40	3800
97	41	3800
97	42	3800
97	43	3800
97	44	3800
97	45	3800
97	46	3800
97	47	3800
97	48	3800
97	49	3800
97	50	3800
98	1	3800
98	2	3800
98	3	3800
98	4	3800
98	5	3800
98	6	3800
98	7	3800
98	8	3800
98	9	3800
98	10	3800
98	11	3800
98	12	3800
98	13	3800
98	14	3800
98	15	3800
98	16	3800
98	17	3800
98	18	3800
98	19	3800
98	20	3800
98	21	3800
98	22	3800
98	23	3800
98	24	3800
98	25	3800
98	26	3800
98	27	3800
98	28	3800
98	29	3800
98	30	3800
98	31	3800
98	32	3800
98	33	3800
98	34	3800
98	35	3800
98	36	3800
98	37	3800
98	38	3800
98	39	3800
98	40	3800
98	41	3800
98	42	3800
98	43	3800
98	44	3800
98	45	3800
98	46	3800
98	47	3800
98	48	3800
98	49	3800
98	50	3800
99	1	3800
99	2	3800
99	3	3800
99	4	3800
99	5	3800
99	6	3800
99	7	3800
99	8	3800
99	9	3800
99	10	3800
99	11	3800
99	12	3800
99	13	3800
99	14	3800
99	15	3800
99	16	3800
99	17	3800
99	18	3800
99	19	3800
99	20	3800
99	21	3800
99	22	3800
99	23	3800
99	24	3800
99	25	3800
99	26	3800
99	27	3800
99	28	3800
99	29	3800
99	30	3800
99	31	3800
99	32	3800
99	33	3800
99	34	3800
99	35	3800
99	36	3800
99	37	3800
99	38	3800
99	39	3800
99	40	3800
99	41	3800
99	42	3800
99	43	3800
99	44	3800
99	45	3800
99	46	3800
99	47	3800
99	48	3800
99	49	3800
99	50	3800
100	1	3800
100	2	3800
100	3	3800
100	4	3800
100	5	3800
100	6	3800
100	7	3800
100	8	3800
100	9	3800
100	10	3800
100	11	3800
100	12	3800
100	13	3800
100	14	3800
100	15	3800
100	16	3800
100	17	3800
100	18	3800
100	19	3800
100	20	3800
100	21	3800
100	22	3800
100	23	3800
100	24	3800
100	25	3800
100	26	3800
100	27	3800
100	28	3800
100	29	3800
100	30	3800
100	31	3800
100	32	3800
100	33	3800
100	34	3800
100	35	3800
100	36	3800
100	37	3800
100	38	3800
100	39	3800
100	40	3800
100	41	3800
100	42	3800
100	43	3800
100	44	3800
100	45	3800
100	46	3800
100	47	3800
100	48	3800
100	49	3800
100	50	3800
